0.693147
0.693147
0.693082
0.694298
0.692829
0.692182
0.691905
0.691657
0.691464
0.686231
0.662292
0.678284
0.688331
0.690273
0.689938
0.687945
0.679800
0.637977
0.617609
0.686751
0.686236
0.688259
0.671698
0.615511
0.583891
0.549733
0.615625
0.689170
0.686515
0.684456
0.580503
0.516591
0.489192
0.561496
0.692296
0.684948
0.690645
0.618593
0.487107
0.457574
0.528733
0.691042
0.683552
0.679239
0.648682
0.511755
0.496801
0.602320
0.689787
0.681872
0.684697
0.674314
0.614676
0.639250
0.683170
0.683307
0.680111
0.679756
0.684870
0.683022
0.686696
0.681272
0.678606
0.678319
0.678064
0.658922
0.571408
0.637186
0.673769
0.676551
0.676570
0.676073
0.618345
0.449151
0.456741
0.643161
0.671355
0.674958
0.615658
0.546439
0.427582
0.394879
0.459605
0.663409
0.671569
0.549504
0.409890
0.377355
0.371358
0.350439
0.555538
0.671226
0.606125
0.395377
0.377131
0.360988
0.348240
0.498738
0.670745
0.654112
0.481366
0.400186
0.372752
0.328462
0.511879
0.673093
0.494309
0.421159
0.368536
0.414628
0.313574
0.578574
0.670464
0.561402
0.444590
0.321173
0.320705
0.416875
0.658905
0.666759
0.677059
0.652176
0.484288
0.543301
0.653980
0.668085
0.664238
0.663985
0.608547
0.450322
0.435215
0.624661
0.658498
0.662347
0.662644
0.565049
0.348522
0.298622
0.378090
0.636650
0.660072
0.649654
0.500039
0.329444
0.330461
0.288547
0.482825
0.651707
0.554783
0.332074
0.297018
0.303671
0.288760
0.308621
0.632579
0.567955
0.335825
0.287475
0.350870
0.342440
0.280670
0.595390
0.546709
0.388335
0.280465
0.336451
0.349378
0.268857
0.581159
0.316465
0.259004
0.259250
0.310996
0.258682
0.301237
0.618664
0.326415
0.236142
0.260626
0.305179
0.255042
0.476238
0.654195
0.641500
0.478036
0.257576
0.279982
0.469025
0.640472
0.650529
0.649692
0.563419
0.343430
0.316632
0.532857
0.646415
0.648296
0.647097
0.453146
0.239151
0.226733
0.258373
0.547580
0.647354
0.649360
0.534362
0.268258
0.252112
0.227270
0.351072
0.631054
0.642101
0.562894
0.263827
0.264117
0.238425
0.239188
0.554932
0.579428
0.364662
0.246960
0.229891
0.240885
0.223670
0.494048
0.390138
0.247777
0.237197
0.225960
0.213069
0.220204
0.442361
0.290769
0.218944
0.231752
0.218643
0.202906
0.245953
0.520985
0.393417
0.214825
0.218524
0.206056
0.225856
0.407681
0.624140
0.610599
0.402622
0.290007
0.293437
0.421689
0.614436
0.635211
0.634758
0.590948
0.331124
0.314213
0.540447
0.638942
0.632702
0.632431
0.476209
0.200202
0.184423
0.261679
0.542412
0.632670
0.590487
0.398726
0.189467
0.274860
0.228573
0.326891
0.618068
0.463542
0.299822
0.195216
0.192221
0.297846
0.208663
0.526517
0.589481
0.315753
0.189106
0.221736
0.453740
0.183136
0.433960
0.423168
0.236627
0.187815
0.195589
0.356215
0.193825
0.411698
0.194650
0.170926
0.178702
0.228818
0.218669
0.217358
0.522216
0.256310
0.161218
0.207499
0.211555
0.183340
0.398638
0.616400
0.581215
0.305607
0.316074
0.369122
0.460843
0.608491
0.619771
0.619313
0.593725
0.479793
0.483378
0.618156
0.618086
0.616661
0.615773
0.496845
0.192440
0.190900
0.407084
0.623889
0.614297
0.546854
0.323379
0.168441
0.152226
0.198883
0.475698
0.622295
0.384459
0.177825
0.152889
0.150480
0.191023
0.269566
0.594101
0.456209
0.175742
0.149652
0.282303
0.511361
0.231531
0.537283
0.525920
0.292231
0.275504
0.262457
0.215889
0.219425
0.521589
0.203549
0.149380
0.279795
0.402022
0.174020
0.314781
0.582536
0.290813
0.169893
0.328899
0.256591
0.202987
0.485925
0.602993
0.562703
0.404991
0.206241
0.245505
0.436906
0.595955
0.602191
0.601686
0.603530
0.612104
0.614371
0.604208
0.599150
0.598637
0.598361
0.590865
0.500954
0.511139
0.601395
0.597599
0.595178
0.597874
0.561663
0.421292
0.332207
0.456769
0.600748
0.592550
0.544125
0.342637
0.272797
0.210104
0.265015
0.513512
0.592575
0.517504
0.244042
0.154016
0.150713
0.193506
0.445826
0.592026
0.593446
0.361439
0.135093
0.133140
0.176757
0.426565
0.584835
0.497845
0.317819
0.148832
0.149185
0.218387
0.482909
0.582542
0.518415
0.421407
0.252040
0.236519
0.378563
0.563315
0.579789
0.576713
0.537895
0.408823
0.441293
0.545048
0.576499
0.576264
0.575726
0.575027
0.573169
0.572299
0.573408
0.573029
0.572490
0.571998
0.561414
0.504456
0.522007
0.560392
0.569313
0.568764
0.564805
0.536752
0.440778
0.389681
0.511861
0.559424
0.565167
0.529036
0.407016
0.316882
0.260359
0.369111
0.538329
0.561695
0.544349
0.332854
0.210261
0.187184
0.284037
0.519642
0.558840
0.565116
0.394560
0.179076
0.160427
0.250110
0.521401
0.556309
0.546516
0.458044
0.226848
0.217408
0.343674
0.542250
0.553133
0.554092
0.519646
0.381056
0.393344
0.493092
0.551161
0.549418
0.548790
0.553212
0.530147
0.538061
0.547756
0.546092
0.545435
0.544866
0.508045
0.347392
0.421943
0.523554
0.541615
0.541669
0.540128
0.411873
0.162749
0.184439
0.414226
0.526814
0.538503
0.428198
0.260053
0.134176
0.114305
0.200553
0.456418
0.531962
0.297354
0.126304
0.113402
0.107638
0.113222
0.299720
0.522154
0.383388
0.117302
0.144538
0.105098
0.104729
0.241870
0.513973
0.484056
0.217417
0.219420
0.140418
0.103009
0.259854
0.517059
0.263925
0.160942
0.173674
0.276516
0.106630
0.341386
0.525987
0.350559
0.197103
0.107672
0.134785
0.184816
0.467377
0.526405
0.533221
0.470455
0.254270
0.301482
0.460650
0.523511
0.522180
0.521581
0.431404
0.202755
0.198131
0.403012
0.508844
0.518694
0.517683
0.338674
0.113917
0.097654
0.158711
0.427717
0.514241
0.455111
0.241218
0.122097
0.125993
0.097320
0.240854
0.487060
0.327383
0.133701
0.096647
0.107647
0.103419
0.118875
0.424477
0.370172
0.160789
0.109898
0.209641
0.171634
0.102257
0.371790
0.327385
0.234374
0.095511
0.151799
0.172244
0.099462
0.363409
0.125951
0.094736
0.097533
0.137201
0.090489
0.124074
0.424892
0.163803
0.088406
0.118382
0.175002
0.096805
0.265914
0.498454
0.479659
0.282007
0.103540
0.117441
0.267953
0.473424
0.503263
0.501965
0.370234
0.153229
0.136599
0.302599
0.481894
0.499814
0.497139
0.256474
0.090425
0.084662
0.100418
0.323995
0.494819
0.498302
0.322254
0.112197
0.092055
0.084794
0.154031
0.451688
0.482753
0.338328
0.096470
0.099095
0.089178
0.094627
0.344781
0.406789
0.177900
0.093923
0.092341
0.092251
0.088023
0.281882
0.191150
0.098452
0.093734
0.092981
0.084708
0.086346
0.248477
0.137955
0.084988
0.093820
0.088711
0.082252
0.105052
0.339250
0.228817
0.088559
0.088622
0.085556
0.097641
0.235077
0.466576
0.453407
0.240861
0.134567
0.147683
0.258333
0.454607
0.483686
0.482931
0.410696
0.165326
0.151641
0.337623
0.476808
0.479986
0.479144
0.293772
0.085013
0.076233
0.117483
0.350160
0.477110
0.430610
0.219267
0.078676
0.139767
0.139540
0.162960
0.445124
0.301803
0.142995
0.082050
0.089585
0.252241
0.090966
0.336292
0.407097
0.176880
0.085248
0.133002
0.460839
0.078498
0.257432
0.240300
0.109264
0.080204
0.088711
0.300201
0.091067
0.242821
0.094009
0.075469
0.083739
0.161171
0.117714
0.103325
0.351624
0.139693
0.074826
0.129188
0.128711
0.085563
0.240652
0.458355
0.421261
0.181284
0.237671
0.225466
0.292147
0.447188
0.465093
0.464398
0.427672
0.290146
0.293464
0.439524
0.461605
0.460657
0.459255
0.320673
0.093431
0.094934
0.243254
0.450619
0.457380
0.374402
0.169006
0.078534
0.070948
0.098769
0.299663
0.457102
0.228569
0.094453
0.073056
0.069889
0.120580
0.143032
0.420130
0.302923
0.096156
0.083823
0.239495
0.556325
0.115751
0.372125
0.337378
0.149824
0.230899
0.213475
0.135546
0.111984
0.360316
0.111000
0.076719
0.250999
0.329216
0.073678
0.180656
0.420196
0.178412
0.088450
0.316879
0.173114
0.104365
0.326176
0.445045
0.408066
0.267318
0.113234
0.137172
0.288970
0.436518
0.443874
0.443166
0.442565
0.438323
0.441874
0.442552
0.439612
0.438902
0.438380
0.422258
0.329193
0.338011
0.424094
0.435758
0.434246
0.427953
0.374200
0.261299
0.194110
0.291398
0.425421
0.430368
0.368187
0.202592
0.152046
0.112007
0.150179
0.344725
0.428359
0.353959
0.137987
0.080412
0.078634
0.103601
0.289241
0.426193
0.417822
0.212516
0.068948
0.068391
0.093461
0.275772
0.420130
0.333127
0.186941
0.076652
0.075473
0.120910
0.325898
0.419398
0.363844
0.270957
0.144542
0.133953
0.240816
0.398843
0.416302
0.413630
0.379543
0.273813
0.296627
0.383121
0.412245
0.411844
0.411141
0.409927
0.405815
0.405956
0.408101
0.407631
0.406930
0.406263
0.394772
0.338228
0.349348
0.391651
0.402900
0.402222
0.397365
0.366422
0.281190
0.235648
0.331468
0.391481
0.397911
0.362017
0.253563
0.178906
0.137956
0.211130
0.360483
0.394150
0.374999
0.197271
0.106943
0.093257
0.151352
0.337157
0.391178
0.395306
0.249969
0.090261
0.079638
0.130823
0.340545
0.388493
0.377888
0.294562
0.121244
0.112539
0.193799
0.365518
0.385105
0.384224
0.347695
0.228499
0.231601
0.314278
0.380777
0.380911
0.380190
0.382604
0.355603
0.361367
0.376953
0.376900
0.376150
0.375468
0.340674
0.206451
0.254619
0.350341
0.372013
0.371933
0.370007
0.257253
0.082855
0.093528
0.243310
0.355936
0.368672
0.275369
0.139533
0.066827
0.058142
0.103266
0.278116
0.362110
0.173614
0.067035
0.058222
0.055194
0.058248
0.160262
0.348758
0.238231
0.086158
0.142421
0.054138
0.054517
0.125651
0.339039
0.314116
0.113106
0.249558
0.111712
0.054336
0.139182
0.341931
0.153193
0.082943
0.169833
0.304751
0.056705
0.195239
0.354806
0.214098
0.106319
0.065758
0.106391
0.097237
0.294360
0.358047
0.360542
0.300557
0.143005
0.168250
0.288841
0.353234
0.354015
0.353349
0.276601
0.107376
0.103012
0.238441
0.340489
0.350661
0.349107
0.202161
0.062562
0.053159
0.082903
0.259721
0.346344
0.287133
0.131736
0.086969
0.087540
0.052955
0.125951
0.316975
0.194895
0.089051
0.053481
0.072401
0.081174
0.062160
0.257270
0.231025
0.075433
0.057614
0.227698
0.206810
0.055050
0.215371
0.193145
0.074284
0.052422
0.128074
0.173432
0.054327
0.211179
0.071758
0.052151
0.061352
0.102739
0.050514
0.066546
0.261811
0.096905
0.051350
0.093729
0.175685
0.053199
0.149717
0.330273
0.314355
0.167284
0.059007
0.065505
0.153187
0.307373
0.338241
0.336942
0.227143
0.082925
0.073734
0.169189
0.314491
0.335239
0.332387
0.151517
0.052905
0.049204
0.056276
0.186683
0.329433
0.332635
0.196569
0.076931
0.055889
0.049316
0.081171
0.285866
0.318237
0.199463
0.055521
0.054911
0.055747
0.053003
0.202042
0.259187
0.098588
0.053024
0.052043
0.058647
0.050455
0.157491
0.106706
0.055743
0.052745
0.052935
0.049435
0.049725
0.138714
0.079733
0.049706
0.053300
0.051361
0.048190
0.058795
0.205797
0.136768
0.052170
0.050927
0.049706
0.055768
0.136672
0.307050
0.297322
0.146002
0.076146
0.086416
0.155749
0.297263
0.322846
0.322142
0.259124
0.092678
0.083944
0.201051
0.313046
0.319744
0.318812
0.178543
0.051055
0.048621
0.067316
0.212814
0.316220
0.281306
0.130551
0.048201
0.163698
0.151817
0.091259
0.285076
0.188814
0.084285
0.049042
0.070521
0.290248
0.052817
0.202047
0.255201
0.116166
0.047890
0.110743
0.561563
0.047508
0.149019
0.139082
0.063169
0.048544
0.053795
0.448424
0.062486
0.141329
0.058294
0.046728
0.057761
0.179331
0.160824
0.060662
0.219298
0.082885
0.046882
0.128975
0.138684
0.052187
0.144958
0.302106
0.272421
0.109175
0.290333
0.201282
0.177415
0.292614
0.309059
0.308443
0.277341
0.171680
0.173103
0.280890
0.305883
0.305413
0.304136
0.197246
0.057644
0.058567
0.145996
0.290919
0.302768
0.237579
0.098490
0.049587
0.045161
0.059709
0.180429
0.299097
0.138817
0.101091
0.045576
0.046409
0.106652
0.084065
0.268106
0.189912
0.066248
0.048551
0.241270
0.681208
0.068561
0.234660
0.202685
0.085359
0.258056
0.236820
0.163812
0.067006
0.228394
0.067767
0.049211
0.291858
0.427005
0.061145
0.107963
0.273365
0.109472
0.055827
0.385544
0.201969
0.064235
0.206308
0.294132
0.266553
0.166373
0.070674
0.084613
0.181775
0.287204
0.293385
0.292796
0.291350
0.283914
0.286766
0.291289
0.289895
0.289314
0.288847
0.273833
0.206206
0.211569
0.272245
0.286398
0.285664
0.277843
0.233803
0.160986
0.119045
0.179572
0.273913
0.282657
0.233081
0.123764
0.093109
0.069929
0.092050
0.216382
0.280830
0.226944
0.086399
0.051991
0.051317
0.065109
0.179951
0.278865
0.268216
0.128022
0.045831
0.045292
0.059067
0.172270
0.274838
0.209085
0.113407
0.050149
0.049049
0.075712
0.207653
0.275051
0.235781
0.170574
0.090548
0.084378
0.152297
0.259560
0.272924
0.270942
0.246322
0.175632
0.190340
0.248817
0.269902
0.269597
0.269061
0.267983
0.263601
0.264258
0.266686
0.266408
0.265879
0.265374
0.256920
0.215645
0.220644
0.253284
0.262902
0.262423
0.258578
0.234481
0.177175
0.145916
0.206723
0.254125
0.259381
0.233375
0.159754
0.110236
0.084900
0.127910
0.229064
0.256838
0.241172
0.123522
0.067381
0.059095
0.091045
0.211203
0.254874
0.257163
0.156344
0.058184
0.051866
0.079335
0.213953
0.253133
0.245563
0.186192
0.076325
0.070169
0.117013
0.233167
0.250909
0.249629
0.222608
0.141818
0.141634
0.196177
0.247004
0.248076
0.247575
0.248465
0.227472
0.230666
0.244479
0.245276
0.244760
0.244284
0.219622
0.129092
0.156171
0.224428
0.241967
0.241949
0.240394
0.162277
0.055208
0.059792
0.148042
0.229810
0.239849
0.175983
0.086701
0.045937
0.041237
0.065775
0.172480
0.235192
0.110177
0.044676
0.041209
0.039550
0.041454
0.098643
0.224714
0.148429
0.053127
0.132726
0.038938
0.039353
0.078264
0.217230
0.200063
0.071715
0.243299
0.079214
0.039255
0.086497
0.219191
0.099069
0.055379
0.125032
0.293395
0.040675
0.120603
0.229638
0.134948
0.068546
0.048405
0.098137
0.064178
0.184502
0.233368
0.233305
0.189832
0.089735
0.103001
0.180746
0.229167
0.230938
0.230492
0.178475
0.070243
0.065879
0.148122
0.221044
0.228847
0.227499
0.127455
0.043220
0.038515
0.055253
0.163287
0.225890
0.182479
0.082823
0.064017
0.055168
0.038837
0.079331
0.204254
0.122847
0.048429
0.039116
0.051740
0.058928
0.043888
0.162890
0.146002
0.047007
0.039424
0.212214
0.204765
0.040152
0.135476
0.122709
0.050918
0.040082
0.105477
0.163008
0.039826
0.133049
0.049889
0.038566
0.042010
0.073062
0.037625
0.046660
0.166113
0.064833
0.038336
0.064967
0.197976
0.041669
0.094617
0.214087
0.201356
0.105698
0.042935
0.046294
0.095894
0.197109
0.221645
0.220748
0.146446
0.056409
0.050978
0.106777
0.204037
0.219850
0.217424
0.097148
0.038507
0.037104
0.041028
0.119335
0.215578
0.217905
0.123496
0.058557
0.041005
0.037066
0.054814
0.184598
0.207550
0.126854
0.040921
0.040111
0.038756
0.039297
0.129688
0.168531
0.066200
0.039457
0.039004
0.041335
0.037986
0.101633
0.070250
0.040991
0.039136
0.039509
0.037421
0.037560
0.090345
0.054272
0.037544
0.039627
0.038720
0.036761
0.042737
0.132763
0.089357
0.039171
0.038345
0.037723
0.041165
0.089356
0.200766
0.192401
0.094914
0.052830
0.059574
0.101553
0.193789
0.212759
0.212315
0.168695
0.063717
0.057620
0.130027
0.205344
0.210921
0.210210
0.115501
0.038697
0.045436
0.048016
0.139149
0.208397
0.185404
0.085474
0.036919
0.192569
0.160577
0.062571
0.186611
0.124553
0.056999
0.037516
0.053191
0.299650
0.039658
0.132310
0.162966
0.053259
0.036820
0.073095
0.589621
0.055005
0.099065
0.090673
0.045390
0.037122
0.040037
0.478073
0.054962
0.094341
0.043158
0.036237
0.036800
0.142440
0.161107
0.044496
0.143379
0.057309
0.036701
0.076699
0.099905
0.039612
0.095979
0.199180
0.176074
0.073860
0.171476
0.163022
0.114797
0.192192
0.204921
0.204546
0.182843
0.111799
0.112658
0.184122
0.202982
0.202781
0.201905
0.129051
0.043332
0.043986
0.098719
0.191653
0.201226
0.156711
0.067198
0.038262
0.035567
0.054992
0.119938
0.198042
0.092600
0.093162
0.035773
0.037272
0.120398
0.059954
0.177326
0.123071
0.087651
0.038783
0.301581
0.951823
0.050110
0.156142
0.132704
0.058043
0.214217
0.186144
0.178354
0.049311
0.152482
0.049730
0.038394
0.242568
0.378056
0.074690
0.074957
0.181716
0.074081
0.042703
0.348483
0.180398
0.047495
0.137500
0.196230
0.176302
0.110660
0.051064
0.059364
0.120614
0.191398
0.196087
0.195736
0.194469
0.188213
0.190441
0.194673
0.194022
0.193677
0.193393
0.182272
0.137354
0.141018
0.180985
0.191915
0.191561
0.185324
0.154753
0.108945
0.082436
0.121233
0.182973
0.189810
0.155171
0.085086
0.066176
0.051905
0.066284
0.145929
0.188623
0.150809
0.061645
0.040676
0.040263
0.048965
0.122655
0.187394
0.179051
0.086557
0.036770
0.036254
0.044975
0.117881
0.185049
0.141124
0.078619
0.039295
0.038487
0.055732
0.141120
0.185558
0.159190
0.115791
0.064322
0.061251
0.104947
0.175211
0.184408
0.183038
0.166525
0.119834
0.129247
0.168052
0.182648
0.182502
0.182190
0.181882
0.181636
0.181290
0.180955
0.180646
0.180340
0.180035
0.179655
0.175851
0.173492
0.176902
0.178520
0.178241
0.177975
0.176876
0.162836
0.142122
0.157091
0.174235
0.176299
0.173885
0.141988
0.119255
0.100502
0.115775
0.160996
0.174512
0.172571
0.115892
0.073209
0.066044
0.079568
0.137302
0.172231
0.172787
0.133706
0.060327
0.052567
0.063389
0.124986
0.171289
0.168401
0.143149
0.084338
0.065445
0.080212
0.135806
0.170416
0.170650
0.165483
0.147904
0.125726
0.136044
0.162890
0.169286
0.168995
0.168756
0.168139
0.166472
0.167259
0.167681
0.167377
0.167109
0.165483
0.150224
0.149248
0.162362
0.165829
0.165588
0.165312
0.152151
0.078689
0.072996
0.118676
0.158169
0.164218
0.152688
0.112593
0.055924
0.046712
0.054524
0.128177
0.162451
0.121328
0.048503
0.039214
0.034885
0.043461
0.084664
0.154885
0.137677
0.052187
0.042852
0.033261
0.086789
0.053037
0.137482
0.123334
0.063101
0.195625
0.145642
0.079534
0.048025
0.138950
0.075530
0.042249
0.038284
0.159034
0.088086
0.058834
0.151678
0.112440
0.067650
0.046980
0.038122
0.044365
0.099723
0.159384
0.161286
0.152292
0.123482
0.107276
0.124346
0.153834
0.158883
0.158635
0.150018
0.096776
0.092366
0.135467
0.156437
0.157478
0.157210
0.119284
0.041740
0.035481
0.057963
0.129024
0.156154
0.137708
0.074461
0.056260
0.641965
0.273746
0.071532
0.148856
0.098875
0.056499
0.033295
0.175861
0.392367
0.110544
0.127139
0.118424
0.059508
0.048044
0.032560
0.668287
0.130043
0.100987
0.071820
0.038501
0.077808
0.244174
0.728884
0.034027
0.092885
0.038907
0.032512
0.033583
0.655663
0.504452
0.038603
0.113671
0.050801
0.033891
0.032718
0.231726
0.034063
0.065868
0.147540
0.146128
0.107193
0.059003
0.045478
0.078919
0.136344
0.153742
0.153505
0.138732
0.082852
0.081632
0.123973
0.150628
0.152481
0.151957
0.094243
0.036105
0.034070
0.052424
0.113156
0.151356
0.150691
0.080184
0.038870
0.044878
0.039547
0.058234
0.143697
0.143505
0.081946
0.033849
0.034494
0.050086
0.110906
0.118299
0.107776
0.049319
0.034005
0.033211
0.036822
0.081380
0.092731
0.048911
0.032961
0.032550
0.034962
0.034328
0.033932
0.085972
0.035879
0.031899
0.032295
0.032997
0.032040
0.036758
0.107294
0.052105
0.033361
0.032858
0.032120
0.034722
0.061019
0.138133
0.137103
0.094143
0.057375
0.044583
0.077447
0.136122
0.148420
0.148220
0.137781
0.089470
0.083932
0.126782
0.146460
0.147218
0.146920
0.101783
0.037046
0.037645
0.053484
0.120993
0.146277
0.137614
0.068878
0.151307
0.540912
0.104030
0.109471
0.141071
0.110349
0.048659
0.104854
0.216008
0.614135
0.052710
0.118974
0.104263
0.039610
0.032032
0.119418
0.702261
0.059248
0.094721
0.050280
0.033231
0.031903
0.122663
0.676971
0.043299
0.086207
0.034363
0.031611
0.031759
0.260277
0.264455
0.052078
0.099486
0.044984
0.032633
0.032064
0.374133
0.033414
0.056981
0.130462
0.130020
0.089255
0.046879
0.047526
0.071836
0.128948
0.143922
0.143815
0.139685
0.122396
0.126449
0.141008
0.142865
0.142688
0.142483
0.118557
0.054422
0.055391
0.100401
0.139863
0.141713
0.127133
0.074825
0.037283
0.041894
0.046544
0.110980
0.140865
0.088297
0.037699
0.032615
0.107785
0.037151
0.066357
0.134903
0.099990
0.080586
0.175558
0.133753
0.124541
0.062398
0.121674
0.073153
0.038837
0.466055
0.488819
0.207687
0.040836
0.112217
0.041548
0.032716
0.109847
0.543120
0.100832
0.057788
0.129782
0.066078
0.042126
0.037873
0.124194
0.040781
0.089200
0.138075
0.132652
0.112440
0.080997
0.071595
0.098286
0.133037
0.138519
0.138327
0.138143
0.138072
0.137911
0.137584
0.137395
0.137211
0.137030
0.135947
0.126758
0.126559
0.135515
0.136152
0.135970
0.135329
0.127806
0.102569
0.092780
0.116190
0.134581
0.134889
0.124729
0.086055
0.069328
0.062919
0.080326
0.122510
0.134073
0.123483
0.059189
0.042207
0.041841
0.051826
0.099628
0.133321
0.125086
0.071164
0.036890
0.036969
0.044572
0.090127
0.131380
0.104890
0.074722
0.046343
0.041489
0.054504
0.103683
0.132039
0.118428
0.100821
0.089104
0.072143
0.090422
0.123892
0.131469
0.131154
0.129459
0.124853
0.119432
0.125911
0.130339
0.130331
0.130165
0.130002
0.129876
0.129678
0.129507
0.129342
0.129178
0.129015
0.128783
0.125717
0.123935
0.126687
0.128184
0.128060
0.127927
0.126976
0.116544
0.102398
0.112037
0.125278
0.127030
0.125094
0.101859
0.086311
0.074215
0.083141
0.115290
0.126019
0.124609
0.085599
0.055666
0.051070
0.058865
0.098001
0.124553
0.124678
0.098472
0.048016
0.041938
0.048559
0.089684
0.124060
0.122142
0.103125
0.065271
0.050601
0.059923
0.097615
0.123730
0.123892
0.120281
0.108028
0.092111
0.098682
0.117865
0.123324
0.123172
0.123042
0.122591
0.121354
0.121950
0.122456
0.122296
0.122151
0.121025
0.109498
0.108390
0.118682
0.121457
0.121331
0.121179
0.111478
0.060053
0.055234
0.086384
0.115903
0.120598
0.112378
0.083251
0.044345
0.039402
0.042683
0.093643
0.119503
0.089980
0.039756
0.033370
0.030619
0.035586
0.062501
0.113816
0.100633
0.040015
0.037980
0.029485
0.107419
0.042230
0.100843
0.089524
0.050218
0.176449
0.162606
0.240651
0.038804
0.101737
0.061177
0.035258
0.030669
0.188504
0.087537
0.045943
0.111353
0.087924
0.053871
0.039140
0.033036
0.036959
0.073677
0.117680
0.118683
0.113125
0.092216
0.080675
0.091834
0.113442
0.117757
0.117621
0.111780
0.074884
0.069474
0.100211
0.116150
0.116991
0.116844
0.090081
0.035708
0.030934
0.045639
0.095945
0.116176
0.103202
0.058338
0.045571
0.702588
0.394111
0.055323
0.110879
0.075245
0.064484
0.029637
0.147478
0.534923
0.125520
0.094949
0.088126
0.045952
0.038468
0.029011
0.732023
0.132232
0.076028
0.056579
0.033295
0.073237
0.273683
1.025689
0.031311
0.070071
0.037863
0.029030
0.028894
0.762379
0.619253
0.032981
0.084921
0.052343
0.030409
0.029241
0.281210
0.030116
0.051502
0.109807
0.108940
0.083676
0.048279
0.038379
0.060720
0.101638
0.115053
0.114929
0.105216
0.066756
0.062568
0.092626
0.112886
0.114363
0.113987
0.073077
0.032148
0.029815
0.039956
0.085356
0.113654
0.113158
0.063732
0.033135
0.046742
0.029235
0.046677
0.108054
0.108136
0.064398
0.030460
0.029736
0.029506
0.130318
0.089538
0.082888
0.040885
0.030258
0.029381
0.029693
0.069049
0.071104
0.041920
0.029452
0.029083
0.029786
0.029210
0.029925
0.065664
0.035007
0.028722
0.028880
0.029367
0.028771
0.031779
0.081221
0.049696
0.029931
0.029279
0.028805
0.030565
0.048516
0.103952
0.103287
0.075032
0.046804
0.037695
0.060092
0.102584
0.112082
0.111982
0.104365
0.071320
0.064853
0.095696
0.110781
0.111424
0.111226
0.077992
0.032543
0.031262
0.043401
0.092115
0.110859
0.104694
0.055064
0.136513
0.552446
0.146010
0.098543
0.107059
0.085253
0.040881
0.041887
0.234777
0.709380
0.052990
0.090832
0.080239
0.034228
0.028903
0.136260
0.750215
0.062497
0.072949
0.042072
0.029701
0.028762
0.118187
0.703124
0.049592
0.066694
0.032764
0.028575
0.028602
0.288757
0.316001
0.062887
0.076693
0.044492
0.029521
0.049263
0.580584
0.029792
0.046214
0.099219
0.099495
0.071612
0.040173
0.041542
0.056770
0.097921
0.109607
0.109581
0.106572
0.093690
0.096225
0.107450
0.109043
0.108946
0.108828
0.091027
0.045149
0.045191
0.077297
0.106852
0.108393
0.097736
0.059562
0.032954
0.031435
0.038930
0.085485
0.107868
0.069108
0.034132
0.029371
0.145117
0.057255
0.056690
0.103484
0.077193
0.075049
0.174442
0.154547
0.188110
0.057662
0.093632
0.056385
0.034278
0.538142
0.567140
0.245718
0.034911
0.086650
0.036612
0.029363
0.119262
0.698756
0.141740
0.047212
0.099797
0.057907
0.037185
0.033493
0.139180
0.036383
0.070029
0.106132
0.102911
0.088909
0.065809
0.058231
0.076889
0.102387
0.106629
0.106517
0.106415
0.106410
0.106314
0.106092
0.105982
0.105876
0.105772
0.104959
0.098340
0.097750
0.104589
0.105269
0.105161
0.104706
0.099235
0.081491
0.073621
0.089976
0.104165
0.104536
0.096831
0.068951
0.056438
0.051611
0.063719
0.095167
0.104058
0.096626
0.050799
0.036514
0.036172
0.043133
0.078141
0.103573
0.095613
0.059764
0.032981
0.032613
0.038147
0.071407
0.102214
0.081150
0.059417
0.040382
0.036078
0.045562
0.081751
0.102837
0.093540
0.080569
0.072138
0.059294
0.072290
0.096796
0.102546
0.102359
0.101289
0.098090
0.094019
0.098518
0.101854
0.101879
0.101782
0.101687
0.101610
0.101489
0.101396
0.101299
0.101203
0.101107
0.100976
0.098749
0.097181
0.099430
0.100612
0.100545
0.100476
0.099724
0.091961
0.081029
0.088568
0.098615
0.099939
0.098681
0.081552
0.069620
0.060103
0.067073
0.091208
0.099319
0.098230
0.069139
0.046890
0.043123
0.049176
0.078335
0.098326
0.098430
0.077692
0.040879
0.036622
0.041571
0.072157
0.098037
0.096527
0.081333
0.052843
0.043125
0.049998
0.078144
0.097908
0.098038
0.095276
0.085363
0.073912
0.078995
0.093509
0.097743
0.097657
0.097583
0.097190
0.096301
0.096786
0.097222
0.097133
0.097046
0.096286
0.087612
0.086564
0.094520
0.096626
0.096554
0.096463
0.089537
0.050906
0.046879
0.070262
0.092600
0.096113
0.090222
0.068192
0.038784
0.036409
0.037572
0.075810
0.095352
0.073908
0.035399
0.030330
0.028237
0.033145
0.052246
0.091118
0.081053
0.038344
0.035178
0.027420
0.050381
0.039298
0.081349
0.072697
0.042554
0.175818
0.178071
0.129235
0.034596
0.081844
0.048883
0.031721
0.029294
0.181644
0.091199
0.040120
0.089241
0.068256
0.045648
0.034526
0.030235
0.033299
0.060984
0.094157
0.094897
0.090275
0.073940
0.065966
0.074553
0.090963
0.094391
0.094309
0.089899
0.061517
0.057658
0.081180
0.093285
0.093926
0.093831
0.073849
0.032582
0.028546
0.039771
0.078002
0.093383
0.083855
0.049665
0.054697
0.754694
0.372257
0.046821
0.089400
0.062764
0.057158
0.027527
0.188328
0.487698
0.131080
0.077312
0.072325
0.042224
0.034867
0.027132
0.748289
0.134366
0.062967
0.047522
0.030319
0.080673
0.341190
0.985735
0.029220
0.058425
0.030524
0.027123
0.027028
0.828865
0.631599
0.030137
0.069577
0.037115
0.028233
0.027287
0.299083
0.028005
0.044343
0.088500
0.086910
0.068029
0.041099
0.034493
0.051417
0.082455
0.092786
0.092718
0.085015
0.054728
0.052573
0.075842
0.091252
0.092372
0.092139
0.061400
0.029220
0.028138
0.035932
0.070373
0.091892
0.091573
0.053717
0.036012
0.036186
0.027282
0.040633
0.087751
0.087775
0.053759
0.028033
0.027716
0.027456
0.129440
0.073716
0.068956
0.036375
0.028041
0.027508
0.027616
0.069554
0.058926
0.036410
0.027491
0.027190
0.027709
0.027246
0.027845
0.055414
0.029228
0.026930
0.027061
0.027379
0.026954
0.029303
0.067253
0.037349
0.027880
0.027351
0.026993
0.028371
0.042298
0.084599
0.082981
0.062203
0.040535
0.033974
0.051208
0.083547
0.090947
0.090895
0.085253
0.058953
0.054661
0.078554
0.090055
0.090549
0.090431
0.065644
0.029767
0.029647
0.038308
0.075933
0.090176
0.085611
0.047544
0.156757
0.635021
0.130484
0.097185
0.087380
0.070747
0.036226
0.043794
0.257517
0.774052
0.053590
0.075071
0.066990
0.031295
0.027076
0.137785
0.815173
0.059275
0.061229
0.036765
0.027727
0.026982
0.124185
0.750733
0.047954
0.056501
0.028371
0.026839
0.026853
0.331604
0.306752
0.060983
0.064188
0.034072
0.027604
0.036526
0.461248
0.027829
0.040704
0.081449
0.079978
0.059844
0.035647
0.034847
0.049008
0.080375
0.089427
0.089433
0.087227
0.077143
0.079023
0.087874
0.089097
0.089035
0.088962
0.075615
0.039672
0.039805
0.064737
0.087477
0.088686
0.080835
0.051076
0.030149
0.034365
0.035035
0.071085
0.088323
0.059005
0.031661
0.027413
0.140784
0.044013
0.049648
0.085063
0.064847
0.080981
0.192928
0.167668
0.137235
0.054331
0.077477
0.048366
0.030902
0.554070
0.594263
0.251839
0.031811
0.072085
0.032187
0.027406
0.119938
0.688767
0.118364
0.041401
0.082120
0.046279
0.033396
0.030615
0.121751
0.033505
0.059311
0.087135
0.083824
0.073607
0.055725
0.050483
0.064892
0.084304
0.087584
0.087513
0.087453
0.087458
0.087418
0.087247
0.087174
0.087107
0.087041
0.086474
0.081070
0.080689
0.086179
0.086724
0.086653
0.086321
0.081891
0.067715
0.061974
0.075010
0.085942
0.086255
0.080444
0.058017
0.048261
0.044812
0.054599
0.078982
0.085941
0.080082
0.043660
0.033017
0.032866
0.038497
0.065885
0.085604
0.078926
0.049649
0.030210
0.030094
0.034557
0.060680
0.084606
0.067320
0.050311
0.035810
0.032884
0.040479
0.068730
0.085137
0.077539
0.067423
0.060764
0.051216
0.061459
0.080516
0.084979
0.084829
0.083981
0.081534
0.078552
0.081975
0.084519
0.084550
0.084488
0.084427
0.084374
0.084294
0.084239
0.084177
0.084115
0.084053
0.083982
0.082413
0.081070
0.082840
0.083731
0.083690
0.083654
0.083079
0.077313
0.068742
0.074664
0.082346
0.083296
0.082510
0.069613
0.059598
0.052231
0.058108
0.076789
0.082887
0.082150
0.059782
0.041681
0.038759
0.043935
0.067008
0.082209
0.082237
0.065766
0.036791
0.033559
0.037801
0.062138
0.082003
0.080580
0.068118
0.046283
0.038742
0.044646
0.066823
0.081936
0.082029
0.079417
0.071915
0.063128
0.067477
0.078670
0.081852
0.081800
0.081747
0.081426
0.080697
0.081173
0.081511
0.081458
0.081401
0.080923
0.074313
0.073306
0.079536
0.081122
0.081078
0.081019
0.076395
0.045994
0.042235
0.060817
0.078165
0.080784
0.076678
0.059453
0.035857
0.032030
0.034883
0.065431
0.080246
0.064660
0.032910
0.028472
0.030915
0.034074
0.046747
0.077125
0.069807
0.036130
0.037110
0.026156
0.046296
0.032798
0.069901
0.062812
0.038198
0.206489
0.191166
0.123017
0.032685
0.070235
0.043207
0.029273
0.031053
0.199814
0.094033
0.037244
0.075762
0.058672
0.039662
0.031740
0.028571
0.031316
0.053994
0.079390
0.079990
0.075565
0.063176
0.056938
0.064422
0.077026
0.079629
0.079576
0.076219
0.053705
0.050903
0.069575
0.078827
0.079321
0.079261
0.064690
0.031620
0.027184
0.036618
0.067254
0.078933
0.072007
0.044949
0.065482
0.759638
0.320928
0.042589
0.076077
0.055967
0.059435
0.026155
0.216541
0.416568
0.111589
0.066968
0.063317
0.049360
0.033707
0.025949
0.780854
0.115469
0.055920
0.042891
0.028539
0.080571
0.365083
0.973230
0.026764
0.052306
0.028671
0.025835
0.026715
0.897614
0.598436
0.028826
0.061041
0.034506
0.026688
0.026077
0.311409
0.026822
0.040844
0.075288
0.074186
0.057458
0.037589
0.032184
0.046310
0.070698
0.078552
0.078515
0.072029
0.047210
0.046825
0.065580
0.077457
0.078283
0.078135
0.053907
0.027390
0.026855
0.033689
0.061437
0.077954
0.077772
0.046857
0.039256
0.046872
0.026078
0.037684
0.075004
0.075021
0.047721
0.026540
0.027785
0.029377
0.129229
0.064401
0.060749
0.033995
0.026777
0.026374
0.029512
0.060277
0.052944
0.033695
0.026252
0.026049
0.026489
0.026029
0.026761
0.050119
0.027544
0.025730
0.025900
0.026134
0.025810
0.028121
0.059283
0.035201
0.026502
0.026181
0.025864
0.027187
0.039259
0.072459
0.071802
0.053269
0.037302
0.032053
0.046483
0.071645
0.077292
0.077265
0.073097
0.051252
0.048715
0.068010
0.076694
0.077031
0.076960
0.058814
0.028164
0.030208
0.035496
0.066071
0.076773
0.073475
0.043045
0.215074
0.688914
0.106428
0.094094
0.074811
0.061800
0.033419
0.055530
0.301466
0.707359
0.047461
0.065693
0.059140
0.036751
0.027725
0.137035
0.807806
0.034010
0.054930
0.034436
0.026454
0.025832
0.191173
0.849156
0.043964
0.051080
0.026948
0.025658
0.025732
0.409192
0.296008
0.062462
0.057150
0.032337
0.026288
0.035534
0.498542
0.026745
0.038086
0.070235
0.069624
0.051537
0.033232
0.033530
0.044757
0.069467
0.076266
0.076284
0.074885
0.066927
0.068245
0.075232
0.076060
0.076013
0.075964
0.066435
0.036600
0.036694
0.057331
0.074946
0.075773
0.069831
0.046034
0.028436
0.037275
0.032970
0.062567
0.075531
0.052649
0.030059
0.026196
0.142791
0.032110
0.046132
0.073229
0.057134
0.089469
0.214001
0.161800
0.104118
0.036497
0.067609
0.045133
0.029056
0.575596
0.643664
0.242217
0.030573
0.063490
0.030614
0.026327
0.155530
0.781698
0.083215
0.038788
0.070800
0.042440
0.031236
0.029071
0.118882
0.032070
0.053162
0.074617
0.072227
0.063364
0.049903
0.045826
0.057626
0.072563
0.075013
0.074964
0.074927
0.074931
0.074929
0.074789
0.074734
0.074688
0.074643
0.074265
0.069698
0.069638
0.074061
0.074433
0.074378
0.074150
0.070649
0.058951
0.054581
0.065496
0.073911
0.074105
0.069795
0.051392
0.043550
0.040723
0.049153
0.068740
0.073876
0.068911
0.038963
0.031136
0.030982
0.036082
0.058751
0.073643
0.069215
0.043812
0.028643
0.028702
0.032721
0.054653
0.072878
0.060215
0.046114
0.033256
0.031182
0.037773
0.060718
0.073294
0.067499
0.059615
0.053878
0.046498
0.054872
0.069761
0.073206
0.073087
0.072420
0.070658
0.068359
0.070988
0.072883
0.072911
0.072868
0.072843
0.072436
0.072210
0.072654
0.072654
0.072611
0.072569
0.071829
0.065087
0.064144
0.070025
0.072316
0.072330
0.071983
0.067391
0.056388
0.050321
0.059426
0.070485
0.072082
0.068300
0.050775
0.041590
0.038515
0.045941
0.065041
0.071791
0.070771
0.045640
0.032253
0.031163
0.034612
0.055948
0.071139
0.070745
0.055065
0.031897
0.030095
0.032667
0.052574
0.070910
0.068985
0.057321
0.041541
0.037611
0.041973
0.061397
0.071276
0.071149
0.067665
0.062250
0.057777
0.061067
0.069611
0.071136
0.071093
0.071033
0.070790
0.070106
0.070705
0.070893
0.070854
0.070814
0.067679
0.051727
0.053144
0.066705
0.070593
0.070611
0.070543
0.059281
0.031757
0.030663
0.047660
0.067394
0.070420
0.061096
0.039470
0.027323
0.025758
0.029590
0.052234
0.069296
0.046016
0.078417
0.025480
0.032939
0.025685
0.036569
0.065912
0.058231
0.060953
0.024970
0.024931
0.134433
0.043182
0.060721
0.050782
0.031933
0.108731
0.024942
0.149548
0.028240
0.058077
0.037775
0.026795
0.074866
0.025027
0.025226
0.032542
0.062317
0.050608
0.034722
0.029213
0.027173
0.030215
0.048938
0.068957
0.069623
0.065059
0.053427
0.047699
0.056077
0.067791
0.069675
0.069594
0.055819
0.032573
0.033130
0.052419
0.068128
0.069493
0.069079
0.045932
0.025665
0.025082
0.029490
0.054612
0.068813
0.059885
0.035172
0.051388
0.226867
0.025094
0.033048
0.063296
0.044507
0.026965
0.024966
0.030823
0.024885
0.025952
0.051707
0.049919
0.029151
0.024876
0.046503
0.276940
0.074816
0.041692
0.033651
0.025998
0.046459
0.024994
0.440004
0.025895
0.038662
0.026682
0.024785
0.057498
0.062118
0.274935
0.047416
0.044256
0.031646
0.025509
0.024884
0.081008
0.025026
0.032096
0.060845
0.063723
0.049621
0.031768
0.029167
0.036792
0.057821
0.068812
0.068250
0.046397
0.029371
0.029660
0.044598
0.065277
0.068756
0.066798
0.035225
0.024829
0.024716
0.025784
0.044869
0.067547
0.068199
0.039948
0.082517
0.024824
0.024710
0.027718
0.058214
0.065913
0.041733
0.025387
0.024947
0.024749
0.024988
0.044499
0.051222
0.029715
0.025213
0.024956
0.024863
0.024733
0.034885
0.028665
0.025009
0.024849
0.025195
0.024809
0.024738
0.032741
0.027147
0.024722
0.024717
0.024875
0.024661
0.024957
0.039453
0.038250
0.025480
0.024816
0.024703
0.024808
0.029215
0.057623
0.063434
0.047094
0.031011
0.027499
0.033815
0.054417
0.067905
0.067899
0.053588
0.031550
0.031450
0.049334
0.066510
0.067993
0.067303
0.041646
0.025192
0.034338
0.027312
0.050669
0.067470
0.063866
0.036337
0.058530
0.071256
0.024658
0.030170
0.060359
0.055786
0.030008
0.024822
0.024696
0.024661
0.025071
0.045548
0.056778
0.028765
0.024758
0.024739
0.024713
0.024650
0.035772
0.031999
0.025514
0.024703
0.025858
0.181511
0.024660
0.033655
0.027059
0.024627
0.024608
0.052423
0.024657
0.024896
0.040141
0.032756
0.025093
0.040388
0.271775
0.033947
0.029364
0.057335
0.057746
0.044253
0.036948
0.085981
0.033074
0.053116
0.067222
0.067404
0.063666
0.045932
0.046353
0.062239
0.067198
0.067233
0.067198
0.055031
0.027966
0.027122
0.039349
0.063396
0.067061
0.062114
0.039828
0.025871
0.024698
0.026666
0.044846
0.065907
0.049426
0.052053
0.024693
0.024520
0.024603
0.029362
0.058337
0.058678
0.074027
0.024550
0.024483
0.024528
0.025790
0.049206
0.044430
0.029993
0.024733
0.034697
0.116006
0.025187
0.046136
0.031446
0.025371
0.024713
0.070738
0.024552
0.027253
0.053296
0.041812
0.029147
0.025938
0.025097
0.026069
0.036822
0.063543
0.062217
0.054652
0.039454
0.035181
0.041808
0.060046
0.066482
0.066477
0.066392
0.065228
0.065338
0.066361
0.066309
0.066275
0.066242
0.064865
0.053966
0.052930
0.062683
0.066130
0.066063
0.065566
0.059143
0.044771
0.038298
0.048189
0.063732
0.065881
0.061567
0.040588
0.032883
0.030462
0.034216
0.052907
0.065582
0.064082
0.039015
0.026880
0.026797
0.027707
0.040007
0.063567
0.064104
0.048631
0.028007
0.026143
0.026820
0.036152
0.061246
0.059039
0.045099
0.032729
0.028641
0.030460
0.044193
0.063888
0.062035
0.053292
0.045893
0.039270
0.043436
0.057643
0.065241
0.065211
0.064451
0.060889
0.058015
0.061131
0.064800
0.065067
0.065033
0.065020
0.064605
0.064417
0.064866
0.064873
0.064841
0.064810
0.064164
0.058077
0.057241
0.062556
0.064611
0.064631
0.064322
0.060289
0.050712
0.045333
0.053279
0.063029
0.064445
0.061156
0.046181
0.038133
0.035548
0.041948
0.058351
0.064213
0.063221
0.041786
0.030527
0.029635
0.032559
0.050776
0.063696
0.063231
0.049594
0.030284
0.028936
0.031251
0.048319
0.063527
0.062111
0.052037
0.039077
0.036006
0.039937
0.055953
0.063818
0.063778
0.061021
0.056735
0.053490
0.056335
0.062678
0.063724
0.063692
0.063643
0.063483
0.063048
0.063440
0.063541
0.063512
0.063482
0.060576
0.046539
0.047973
0.059963
0.063313
0.063329
0.063275
0.053307
0.029628
0.028890
0.043554
0.060564
0.063184
0.055151
0.036412
0.026085
0.024792
0.028020
0.047367
0.062228
0.042061
0.073980
0.024565
0.030784
0.024761
0.033996
0.059322
0.052499
0.056405
0.024157
0.024144
0.105413
0.035836
0.054971
0.046560
0.029888
0.085917
0.024145
0.119710
0.027146
0.052719
0.036101
0.025815
0.055017
0.024237
0.024486
0.031003
0.056268
0.047389
0.033229
0.028360
0.026535
0.029673
0.046119
0.062020
0.062513
0.058910
0.049811
0.045302
0.052391
0.061343
0.062605
0.062550
0.050344
0.030263
0.031001
0.047693
0.061290
0.062467
0.062097
0.041967
0.024685
0.024257
0.028013
0.049562
0.061896
0.054071
0.032570
0.050741
0.228320
0.024284
0.030975
0.057094
0.040740
0.027567
0.024133
0.031033
0.024119
0.025028
0.047121
0.045908
0.028979
0.024070
0.044058
0.239838
0.072150
0.038723
0.032105
0.024998
0.049576
0.026039
0.401997
0.027010
0.036336
0.026128
0.023996
0.064904
0.057029
0.227102
0.047346
0.041492
0.030884
0.024693
0.024102
0.084436
0.024333
0.031131
0.055656
0.057777
0.045861
0.030469
0.028478
0.035711
0.053659
0.061944
0.061365
0.041706
0.027578
0.028079
0.040875
0.058848
0.061895
0.060088
0.032642
0.024012
0.023964
0.024846
0.041161
0.060861
0.061343
0.036566
0.071031
0.024069
0.023981
0.026503
0.052816
0.059285
0.037584
0.024415
0.024162
0.024015
0.024249
0.040940
0.046491
0.027990
0.024313
0.024182
0.024101
0.024045
0.032820
0.027274
0.024174
0.024071
0.024373
0.024036
0.024030
0.031121
0.026281
0.023962
0.023969
0.024073
0.023914
0.024233
0.037334
0.036619
0.024649
0.024046
0.023945
0.024070
0.028321
0.053088
0.057716
0.043846
0.029379
0.026689
0.032762
0.050405
0.061253
0.061195
0.048315
0.029447
0.029555
0.044947
0.059976
0.061302
0.060559
0.037912
0.024316
0.033681
0.026141
0.046080
0.060838
0.057587
0.033343
0.055197
0.063004
0.023934
0.028496
0.054588
0.050855
0.028364
0.023995
0.023948
0.023945
0.024295
0.041845
0.051511
0.027373
0.023967
0.023989
0.023979
0.023962
0.033611
0.030381
0.024587
0.023943
0.025074
0.149993
0.023955
0.031930
0.026239
0.023875
0.023863
0.059321
0.023909
0.024198
0.038047
0.031959
0.024315
0.044419
0.252249
0.036092
0.028697
0.053217
0.053069
0.041523
0.036394
0.073161
0.032325
0.049612
0.060732
0.060841
0.057402
0.041901
0.042414
0.056306
0.060671
0.060710
0.060682
0.049822
0.026604
0.025997
0.036520
0.057290
0.060572
0.056123
0.036268
0.024846
0.023942
0.025593
0.040990
0.059510
0.045150
0.047888
0.023905
0.023801
0.023884
0.027883
0.052942
0.053448
0.058033
0.023802
0.023771
0.023828
0.024890
0.045142
0.041614
0.028029
0.023929
0.033594
0.102066
0.024422
0.042829
0.030250
0.024416
0.023926
0.067590
0.023826
0.026412
0.049241
0.039989
0.027821
0.024938
0.024283
0.025258
0.035571
0.057966
0.056866
0.050079
0.036739
0.033437
0.039683
0.055197
0.060128
0.060119
0.060041
0.058974
0.059085
0.060026
0.059989
0.059963
0.059938
0.058677
0.049050
0.048194
0.056757
0.059842
0.059800
0.059337
0.053353
0.040958
0.035346
0.043935
0.057596
0.059656
0.055828
0.037319
0.030455
0.028554
0.031809
0.048035
0.059381
0.058039
0.036309
0.025744
0.025624
0.026394
0.036931
0.057566
0.057975
0.043860
0.026619
0.025097
0.025727
0.033954
0.055610
0.053865
0.040811
0.030506
0.027240
0.028954
0.041353
0.058046
0.056740
0.048649
0.041951
0.036485
0.040499
0.053177
0.059163
0.059148
0.058470
0.055261
0.052985
0.055779
0.058831
0.059029
0.059003
0.058995
0.058633
0.058513
0.058876
0.058879
0.058855
0.058831
0.058272
0.053084
0.052511
0.057062
0.058683
0.058691
0.058413
0.054837
0.046630
0.042137
0.049088
0.057353
0.058547
0.055636
0.042404
0.035682
0.033449
0.038959
0.053262
0.058365
0.057383
0.038183
0.028830
0.028087
0.030653
0.046587
0.057920
0.057544
0.044912
0.028495
0.027301
0.029144
0.044057
0.057741
0.056300
0.047330
0.035621
0.032844
0.036115
0.050567
0.058038
0.057973
0.055298
0.051031
0.047880
0.050480
0.056825
0.057992
0.057966
0.057926
0.057724
0.057228
0.057694
0.057848
0.057826
0.057802
0.055233
0.043245
0.044829
0.054867
0.057672
0.057682
0.057640
0.048778
0.028272
0.027810
0.040930
0.055449
0.057569
0.050457
0.034182
0.025163
0.024028
0.027065
0.044023
0.056785
0.039040
0.084237
0.023839
0.026383
0.023970
0.032069
0.054223
0.047789
0.071284
0.023468
0.023444
0.084777
0.036489
0.050424
0.042788
0.028282
0.089909
0.023442
0.132872
0.025935
0.048350
0.033263
0.024888
0.069938
0.023497
0.023666
0.029119
0.051397
0.042783
0.030820
0.026569
0.025147
0.027570
0.041594
0.056500
0.056999
0.053299
0.044420
0.040412
0.046943
0.055691
0.057119
0.057052
0.046470
0.029066
0.029792
0.044313
0.056003
0.057010
0.056650
0.038539
0.023875
0.023530
0.026914
0.045858
0.056544
0.049632
0.030680
0.053059
0.215677
0.023555
0.029564
0.052351
0.037869
0.025335
0.023489
0.028066
0.023401
0.024200
0.043495
0.041764
0.028916
0.023403
0.054749
0.208624
0.059633
0.036056
0.029879
0.024156
0.044896
0.023477
0.284948
0.024428
0.033891
0.024786
0.023367
0.065956
0.057527
0.254212
0.044830
0.038246
0.028350
0.023877
0.023373
0.097801
0.023527
0.028969
0.050610
0.052490
0.041408
0.028140
0.029878
0.032503
0.048365
0.056575
0.056086
0.039881
0.026839
0.027029
0.038255
0.053864
0.056559
0.054811
0.030710
0.023383
0.023324
0.024057
0.038222
0.055654
0.056049
0.033817
0.060424
0.023395
0.023308
0.025453
0.048484
0.054254
0.035244
0.023735
0.023460
0.023328
0.023518
0.038007
0.042910
0.026612
0.023585
0.023442
0.023402
0.023354
0.030883
0.026061
0.023447
0.023378
0.023605
0.023365
0.023353
0.029338
0.025139
0.023317
0.023309
0.023395
0.023270
0.023501
0.034590
0.033157
0.023841
0.023340
0.023266
0.023352
0.026713
0.048381
0.052362
0.039688
0.027568
0.025364
0.030198
0.045686
0.056001
0.055950
0.044907
0.028400
0.028362
0.041915
0.054921
0.056091
0.055410
0.035326
0.023587
0.032158
0.025257
0.042840
0.055712
0.052855
0.031488
0.062749
0.073399
0.023247
0.027356
0.050301
0.046578
0.027072
0.023362
0.023263
0.023234
0.023556
0.039014
0.046937
0.026018
0.023784
0.023273
0.023276
0.023264
0.031720
0.028561
0.023805
0.023288
0.024815
0.141385
0.023268
0.030176
0.025016
0.023243
0.023220
0.051898
0.023241
0.023454
0.035341
0.029052
0.023565
0.075798
0.320431
0.031258
0.027046
0.048540
0.047844
0.037590
0.040287
0.083594
0.030514
0.045124
0.055608
0.055730
0.052637
0.039251
0.039970
0.051874
0.055595
0.055626
0.055603
0.045699
0.025549
0.025221
0.034856
0.052849
0.055516
0.051694
0.034376
0.024059
0.023262
0.024874
0.038748
0.054626
0.041718
0.046386
0.023285
0.023147
0.023198
0.026802
0.048894
0.048680
0.047141
0.023180
0.023120
0.023144
0.024109
0.042145
0.038036
0.026915
0.023263
0.037205
0.104812
0.023656
0.039844
0.028152
0.023745
0.023250
0.067719
0.023160
0.025301
0.045389
0.035952
0.026580
0.024094
0.023999
0.024332
0.033019
0.053117
0.051713
0.045779
0.034012
0.031147
0.036519
0.050463
0.055159
0.055156
0.055085
0.054127
0.054348
0.055081
0.055053
0.055033
0.055013
0.053847
0.045378
0.045008
0.052451
0.054931
0.054902
0.054499
0.049306
0.038328
0.033589
0.041394
0.053105
0.054786
0.051225
0.034990
0.029380
0.027581
0.030536
0.044824
0.054570
0.053210
0.033585
0.024880
0.024874
0.025638
0.035109
0.053028
0.053296
0.040576
0.025540
0.024366
0.024914
0.032091
0.051280
0.049292
0.038310
0.029058
0.026188
0.027694
0.038504
0.053396
0.051920
0.045123
0.039119
0.034274
0.037745
0.048891
0.054390
0.054371
0.053775
0.050895
0.048795
0.051312
0.054095
0.054286
0.054264
0.054260
0.053932
0.053808
0.054158
0.054165
0.054146
0.054127
0.053624
0.048916
0.048311
0.052453
0.053999
0.054015
0.053757
0.050519
0.043220
0.039058
0.045155
0.052783
0.053900
0.051308
0.039666
0.033515
0.031435
0.036215
0.049038
0.053740
0.052854
0.036205
0.027556
0.026824
0.028909
0.042880
0.053313
0.052959
0.042207
0.027263
0.026185
0.027718
0.040586
0.053146
0.051865
0.043748
0.033510
0.031072
0.033867
0.046582
0.053469
0.053432
0.050948
0.047211
0.044389
0.046640
0.052341
0.053455
0.053436
0.053398
0.053229
0.052761
0.053185
0.053340
0.053323
0.053304
0.051108
0.040481
0.041569
0.050675
0.053195
0.053208
0.053170
0.045323
0.027142
0.026599
0.038057
0.051144
0.053115
0.046748
0.032184
0.024325
0.023348
0.025864
0.040740
0.052371
0.036555
0.074408
0.023200
0.027207
0.023301
0.030268
0.050023
0.044240
0.070662
0.022885
0.022857
0.084600
0.033959
0.046475
0.039952
0.027244
0.090235
0.022866
0.127387
0.024911
0.044528
0.031415
0.024077
0.069647
0.022921
0.023062
0.027663
0.047298
0.039989
0.029243
0.025638
0.024360
0.026424
0.038685
0.052109
0.052608
0.049284
0.041562
0.037853
0.043499
0.051386
0.052753
0.052713
0.043737
0.027836
0.028377
0.041296
0.051761
0.052666
0.052357
0.036735
0.023281
0.022930
0.025890
0.042640
0.052236
0.046099
0.029357
0.060666
0.218768
0.022951
0.028061
0.048400
0.035646
0.024585
0.022894
0.027520
0.022820
0.023489
0.040499
0.039111
0.028201
0.022830
0.049673
0.210245
0.054090
0.033877
0.028690
0.023497
0.043067
0.022908
0.294573
0.023847
0.031907
0.024103
0.022797
0.062378
0.058133
0.245727
0.044808
0.035736
0.027272
0.023263
0.022813
0.093957
0.022939
0.027697
0.046864
0.048683
0.038948
0.027116
0.028517
0.030799
0.044837
0.052299
0.051922
0.037588
0.025742
0.025937
0.035886
0.049875
0.052299
0.050901
0.029771
0.022812
0.022757
0.023388
0.035907
0.051481
0.051876
0.032876
0.061525
0.022835
0.022755
0.024585
0.044996
0.050259
0.033407
0.023132
0.022896
0.022766
0.022925
0.035731
0.040281
0.025728
0.022983
0.022875
0.022821
0.022784
0.029406
0.025190
0.022882
0.022809
0.023013
0.022799
0.022776
0.028064
0.024413
0.022761
0.022754
0.022815
0.022718
0.022914
0.032776
0.031663
0.023229
0.022786
0.022716
0.022793
0.025829
0.045040
0.048651
0.037520
0.026574
0.024625
0.028901
0.042629
0.051825
0.051826
0.042180
0.027210
0.027085
0.039126
0.050853
0.051914
0.051330
0.033719
0.023020
0.033080
0.024415
0.040010
0.051568
0.048986
0.030099
0.066213
0.068935
0.022699
0.026198
0.046595
0.043411
0.026061
0.022800
0.022721
0.022689
0.022947
0.036548
0.043886
0.025204
0.023211
0.022721
0.022716
0.022702
0.030072
0.027625
0.023217
0.022718
0.023783
0.150087
0.022700
0.028717
0.024394
0.022695
0.022666
0.050113
0.022694
0.022865
0.033363
0.027929
0.022974
0.070855
0.296755
0.030753
0.025982
0.045097
0.044540
0.035716
0.038642
0.080883
0.029299
0.041985
0.051494
0.051618
0.048908
0.037111
0.037478
0.048128
0.051504
0.051533
0.051515
0.042785
0.024769
0.024419
0.032922
0.048963
0.051441
0.047998
0.032489
0.023412
0.022714
0.024078
0.036182
0.050599
0.038922
0.047679
0.022728
0.022616
0.022652
0.025713
0.045363
0.045261
0.046722
0.022639
0.022588
0.022605
0.023399
0.039196
0.036250
0.026057
0.022714
0.036286
0.101482
0.023015
0.037111
0.027223
0.023111
0.022694
0.065102
0.022623
0.024435
0.042119
0.034129
0.025668
0.023468
0.023423
0.023621
0.031144
0.049209
0.048130
0.042972
0.032518
0.029824
0.034504
0.046823
0.051146
0.051148
0.051090
0.050238
0.050411
0.051087
0.051065
0.051048
0.051032
0.049981
0.042411
0.042059
0.048696
0.050967
0.050941
0.050582
0.045899
0.036175
0.031961
0.038664
0.049231
0.050846
0.047610
0.033149
0.028083
0.026526
0.028964
0.041642
0.050633
0.049402
0.032117
0.024190
0.024133
0.024694
0.032846
0.049148
0.049500
0.038477
0.024886
0.023700
0.024126
0.030290
0.047426
0.046071
0.035956
0.027924
0.025348
0.026638
0.036131
0.049495
0.048404
0.042269
0.036993
0.032594
0.035587
0.045459
0.050513
0.050508
0.049979
0.047515
0.045601
0.047760
0.050253
0.050436
0.050419
0.050417
0.050105
0.050012
0.050331
0.050338
0.050322
0.050306
0.049853
0.045640
0.045134
0.048839
0.050201
0.050215
0.049989
0.047098
0.040583
0.036909
0.042342
0.049133
0.050121
0.047802
0.037337
0.031883
0.030026
0.034341
0.045782
0.049986
0.049225
0.034374
0.026562
0.025929
0.027845
0.040326
0.049621
0.049298
0.039608
0.026370
0.025414
0.026849
0.038485
0.049496
0.048469
0.041241
0.032222
0.029983
0.032518
0.043881
0.049764
0.049712
0.047697
0.044382
0.041931
0.043914
0.048834
0.049753
0.049737
0.049708
0.049560
0.049189
0.049536
0.049658
0.049644
0.049629
0.047577
0.037961
0.039156
0.047363
0.049543
0.049550
0.049519
0.042450
0.026107
0.025742
0.036245
0.047803
0.049473
0.043796
0.030723
0.023679
0.022801
0.025125
0.038505
0.048832
0.034667
0.072191
0.022669
0.026251
0.022763
0.029027
0.046734
0.041664
0.060477
0.022400
0.022373
0.089198
0.038884
0.043582
0.037488
0.026255
0.097255
0.022380
0.129398
0.024299
0.041929
0.030301
0.023489
0.069423
0.022430
0.022575
0.026878
0.044391
0.038209
0.028525
0.025005
0.023819
0.025776
0.036897
0.048602
0.049002
0.046342
0.039400
0.036247
0.041263
0.048045
0.049171
0.049127
0.040831
0.026803
0.027354
0.039076
0.048322
0.049098
0.048783
0.034327
0.022700
0.022445
0.025207
0.040269
0.048732
0.043114
0.027940
0.055151
0.217513
0.022456
0.027129
0.045343
0.033768
0.023431
0.022391
0.027064
0.022331
0.022942
0.038227
0.037076
0.025775
0.022339
0.045080
0.223634
0.059918
0.032264
0.027499
0.022929
0.041743
0.022418
0.316033
0.023351
0.030521
0.023538
0.022303
0.055954
0.056902
0.285405
0.048693
0.034042
0.027321
0.022770
0.022331
0.092936
0.022461
0.026847
0.043976
0.045649
0.037120
0.026370
0.026012
0.029854
0.042360
0.048790
0.048435
0.035731
0.024982
0.025080
0.034097
0.046660
0.048793
0.047547
0.028509
0.022323
0.022278
0.022840
0.034164
0.048085
0.048385
0.031333
0.062677
0.022347
0.022267
0.023938
0.042320
0.046938
0.031758
0.022616
0.022414
0.022284
0.022422
0.033937
0.038095
0.024922
0.022474
0.022391
0.022340
0.022291
0.028240
0.024438
0.022386
0.022315
0.022502
0.022310
0.022283
0.027010
0.023743
0.022273
0.022267
0.022322
0.022230
0.022413
0.031306
0.030354
0.022713
0.022301
0.022234
0.022301
0.025060
0.042365
0.045490
0.035657
0.025702
0.023985
0.027948
0.040199
0.048386
0.048393
0.039784
0.026259
0.026100
0.037037
0.047541
0.048470
0.047981
0.032119
0.022490
0.032188
0.023784
0.037870
0.048172
0.045883
0.028938
0.065022
0.074407
0.022222
0.025405
0.043765
0.040877
0.025271
0.022319
0.022245
0.022215
0.022446
0.034713
0.041244
0.024489
0.022271
0.022250
0.022244
0.022224
0.028890
0.026545
0.022658
0.022247
0.023302
0.159346
0.022228
0.027653
0.023685
0.022205
0.022195
0.058796
0.022214
0.022383
0.031864
0.027129
0.022478
0.070648
0.295464
0.031740
0.025295
0.042494
0.041907
0.033984
0.032731
0.074907
0.027966
0.039774
0.048120
0.048221
0.045739
0.034861
0.035197
0.045018
0.048126
0.048151
0.048136
0.040169
0.024007
0.023656
0.031385
0.045888
0.048074
0.045031
0.030958
0.022856
0.022226
0.023456
0.034381
0.047324
0.036904
0.047242
0.022242
0.022142
0.022184
0.024933
0.042656
0.042652
0.042420
0.022173
0.022124
0.022137
0.022866
0.037183
0.034419
0.025250
0.022244
0.032587
0.108105
0.022523
0.035326
0.026175
0.022584
0.022223
0.064396
0.022155
0.023848
0.039835
0.032597
0.024941
0.022910
0.023404
0.023089
0.030093
0.046152
0.045098
0.040598
0.031186
0.028728
0.033037
0.044125
0.047827
0.047828
0.047775
0.046930
0.047057
0.047770
0.047759
0.047745
0.047731
0.046803
0.039822
0.039317
0.045523
0.047674
0.047657
0.047343
0.043120
0.034269
0.030346
0.036461
0.046100
0.047576
0.044733
0.031673
0.026977
0.025576
0.027842
0.039318
0.047390
0.046372
0.031140
0.023540
0.023473
0.024024
0.031519
0.046110
0.046387
0.036661
0.024221
0.023111
0.023542
0.029249
0.044640
0.043174
0.034328
0.027021
0.024638
0.025850
0.034525
0.046439
0.045373
0.039934
0.035171
0.031262
0.034023
0.042903
0.047298
0.047291
0.046847
0.044642
0.042985
0.044925
0.047083
0.047233
0.047219
0.047217
0.046988
0.046790
0.047084
0.047152
0.047138
0.047125
0.046496
0.042359
0.041498
0.045150
0.046997
0.047050
0.046811
0.044433
0.037890
0.034637
0.039423
0.046018
0.046972
0.044379
0.035590
0.031022
0.028916
0.032949
0.043311
0.046881
0.043900
0.030537
0.025739
0.025428
0.028419
0.039439
0.046569
0.046204
0.034212
0.025339
0.024632
0.026351
0.037088
0.046454
0.044907
0.038415
0.030101
0.028739
0.030765
0.040085
0.046643
0.046457
0.044439
0.041103
0.039942
0.042277
0.045744
0.046667
0.046655
0.046615
0.046397
0.046293
0.046549
0.046589
0.046576
0.046563
0.045158
0.037401
0.037118
0.043328
0.046389
0.046497
0.046459
0.040315
0.025324
0.024291
0.031256
0.043629
0.046423
0.040520
0.029469
0.022955
0.022263
0.023778
0.035407
0.045910
0.031646
0.040407
0.022170
0.021999
0.022267
0.028321
0.044185
0.034048
0.023427
0.047663
0.021937
0.022017
0.024643
0.040971
0.037918
0.023955
0.058113
0.021929
0.021958
0.023782
0.039716
0.029425
0.022890
0.022030
0.021980
0.022112
0.026040
0.042804
0.034945
0.026241
0.024016
0.064499
0.025853
0.035700
0.045833
0.045673
0.041637
0.036316
0.034602
0.040387
0.045456
0.046180
0.046174
0.041382
0.028620
0.027148
0.035451
0.044956
0.046116
0.045721
0.032600
0.022298
0.021977
0.023316
0.035421
0.045654
0.039790
0.025826
0.037189
0.095707
0.021941
0.025229
0.042371
0.029748
0.022512
0.021886
0.021883
0.021889
0.022509
0.036571
0.032656
0.022323
0.021895
0.025697
0.032360
0.022022
0.030576
0.030137
0.022358
0.029013
0.032858
0.032827
0.021958
0.028748
0.023903
0.021865
0.027097
0.021875
0.021858
0.022276
0.033003
0.026372
0.022019
0.021916
0.089050
0.022101
0.026654
0.042180
0.041492
0.031783
0.025386
0.023700
0.028678
0.041344
0.045868
0.045797
0.038476
0.027182
0.025313
0.031581
0.043374
0.045840
0.044207
0.027360
0.021930
0.021834
0.022233
0.030847
0.044950
0.044693
0.026781
0.021844
0.039971
0.021824
0.022982
0.039262
0.043178
0.027890
0.021913
0.021890
0.021828
0.021943
0.031958
0.033895
0.023519
0.021921
0.021877
0.021833
0.021852
0.026799
0.024554
0.021897
0.021898
0.021917
0.021810
0.021840
0.025495
0.023140
0.021837
0.021863
0.021900
0.021796
0.022202
0.031576
0.030371
0.022289
0.021918
0.021846
0.021984
0.026612
0.042246
0.042855
0.032086
0.024973
0.023059
0.027049
0.040429
0.045608
0.045588
0.040900
0.028522
0.026040
0.033204
0.043951
0.045566
0.045059
0.031458
0.022129
0.021794
0.022477
0.032526
0.045058
0.042374
0.026118
0.021836
0.064714
0.029882
0.023626
0.040769
0.036042
0.023906
0.021797
0.029899
0.028935
0.021965
0.033391
0.036628
0.023069
0.021799
0.036591
0.037996
0.021801
0.027956
0.027523
0.022226
0.021805
0.021831
0.039422
0.021792
0.027249
0.023261
0.021785
0.022726
0.021815
0.021765
0.022091
0.032636
0.027469
0.021997
0.024680
0.040391
0.021910
0.026294
0.042147
0.042057
0.030871
0.023593
0.022842
0.026514
0.039845
0.045337
0.045350
0.044069
0.035614
0.033603
0.040800
0.045104
0.045290
0.045260
0.038620
0.023844
0.022661
0.026709
0.040336
0.045209
0.041241
0.028226
0.022278
0.027487
0.033601
0.029774
0.044326
0.032281
0.022229
0.021763
0.021714
0.021731
0.023831
0.040372
0.034376
0.022393
0.021718
0.021711
0.021718
0.022476
0.036362
0.035090
0.023546
0.168753
0.025547
0.057039
0.022233
0.034997
0.025887
0.022015
0.085255
0.068969
0.023178
0.023429
0.037990
0.030050
0.023513
0.032933
0.310223
0.022936
0.030832
0.043993
0.042961
0.037129
0.029986
0.027529
0.033334
0.042816
0.045040
0.045030
0.045012
0.044537
0.044088
0.044873
0.044970
0.044959
0.044950
0.044248
0.038175
0.035450
0.040439
0.044807
0.044886
0.044558
0.040803
0.032281
0.027498
0.031366
0.042141
0.044816
0.041308
0.029560
0.025515
0.023561
0.025941
0.036316
0.044648
0.039653
0.025124
0.022530
0.022306
0.023257
0.031228
0.043975
0.042852
0.029283
0.022557
0.022133
0.022684
0.029195
0.043323
0.039933
0.031468
0.025166
0.023345
0.024613
0.032751
0.043993
0.042233
0.037379
0.033002
0.030045
0.033312
0.041329
0.044600
0.044529
0.043942
0.042111
0.040776
0.043048
0.044490
0.044540
0.044528
0.044527
0.044335
0.044182
0.044425
0.044471
0.044460
0.044449
0.043985
0.040318
0.039590
0.042823
0.044350
0.044385
0.044199
0.042187
0.036358
0.033333
0.037776
0.043532
0.044318
0.041985
0.034072
0.029975
0.028052
0.031947
0.041250
0.044246
0.041499
0.029304
0.025032
0.024797
0.027705
0.037858
0.043995
0.043634
0.032496
0.024591
0.024024
0.025751
0.035792
0.043909
0.042340
0.036299
0.028832
0.027712
0.029742
0.038452
0.044056
0.043826
0.041801
0.038791
0.037826
0.040092
0.043297
0.044057
0.044048
0.044003
0.043798
0.043696
0.043953
0.043991
0.043980
0.043969
0.042789
0.035898
0.035718
0.041169
0.043824
0.043912
0.043879
0.038576
0.024759
0.023853
0.030431
0.041546
0.043852
0.038734
0.028681
0.022529
0.021851
0.023372
0.034336
0.043472
0.030582
0.022333
0.021759
0.021593
0.021867
0.027780
0.042090
0.032579
0.021969
0.043550
0.021533
0.021613
0.024269
0.039340
0.036156
0.023304
0.058359
0.021521
0.021554
0.023433
0.038244
0.028284
0.022351
0.021595
0.021563
0.021707
0.025676
0.040916
0.033239
0.025199
0.023321
0.061729
0.025169
0.034490
0.043370
0.043193
0.039230
0.034513
0.032929
0.038365
0.043016
0.043638
0.043633
0.039380
0.027703
0.026482
0.034085
0.042592
0.043583
0.043322
0.031577
0.021872
0.021576
0.022871
0.034316
0.043242
0.038075
0.025181
0.031588
0.094231
0.021538
0.025000
0.040713
0.028967
0.022084
0.021476
0.021481
0.021482
0.022203
0.035746
0.031509
0.021865
0.023874
0.023397
0.037272
0.021651
0.030315
0.028976
0.021890
0.021457
0.031076
0.027696
0.021581
0.028578
0.023288
0.021453
0.021449
0.021472
0.021459
0.021926
0.032500
0.025623
0.021586
0.021496
0.085146
0.021699
0.026168
0.040367
0.039556
0.030226
0.024630
0.023113
0.027816
0.039434
0.043367
0.043322
0.036652
0.026289
0.024763
0.030683
0.041305
0.043340
0.042127
0.026810
0.021521
0.021448
0.021851
0.030214
0.042683
0.042336
0.025789
0.021445
0.035837
0.021438
0.022750
0.038214
0.041085
0.027129
0.021495
0.021498
0.021437
0.021608
0.031821
0.033102
0.023060
0.021499
0.021486
0.021447
0.021482
0.026968
0.024014
0.021475
0.021482
0.021521
0.021423
0.021469
0.025598
0.022557
0.021423
0.021451
0.021491
0.021407
0.021841
0.031129
0.029177
0.021821
0.021504
0.021437
0.021591
0.026068
0.040318
0.040736
0.030565
0.024349
0.022550
0.026347
0.038592
0.043137
0.043123
0.038995
0.027664
0.025502
0.032182
0.041845
0.043101
0.042704
0.030476
0.021718
0.021403
0.022092
0.032045
0.042752
0.040275
0.025459
0.021438
0.085614
0.027133
0.023523
0.039546
0.034373
0.023334
0.026186
0.042963
0.025218
0.021651
0.033150
0.034952
0.022484
0.021386
0.021412
0.033371
0.021433
0.028182
0.026716
0.021764
0.021395
0.021438
0.033848
0.021420
0.027344
0.022700
0.021376
0.021849
0.021897
0.021372
0.021738
0.032120
0.026608
0.021557
0.021889
0.045831
0.021518
0.025800
0.040262
0.039972
0.029395
0.023002
0.024249
0.025846
0.038081
0.042898
0.042909
0.041889
0.034406
0.032665
0.039078
0.042731
0.042857
0.042832
0.037028
0.023359
0.022278
0.026292
0.038944
0.042795
0.039187
0.027424
0.021851
0.028079
0.034263
0.029517
0.042181
0.031005
0.021774
0.021374
0.021326
0.026619
0.024625
0.039081
0.032870
0.021847
0.021319
0.021322
0.021325
0.022209
0.035544
0.033762
0.022925
0.168591
0.022297
0.055858
0.021932
0.034340
0.025202
0.021599
0.103866
0.055857
0.023274
0.023157
0.036942
0.029094
0.022933
0.044021
0.278121
0.022498
0.030168
0.041822
0.040822
0.035294
0.028779
0.026596
0.032101
0.040755
0.042638
0.042628
0.042615
0.042217
0.041872
0.042519
0.042578
0.042568
0.042560
0.041990
0.036416
0.034165
0.038854
0.042461
0.042506
0.042224
0.038962
0.031121
0.026737
0.030651
0.040338
0.042447
0.039362
0.028666
0.024981
0.023070
0.025526
0.035392
0.042329
0.037756
0.024292
0.022110
0.021896
0.022942
0.030951
0.041845
0.040699
0.027736
0.022045
0.021716
0.022311
0.029018
0.041329
0.038031
0.030240
0.024339
0.022817
0.024096
0.032136
0.041823
0.040105
0.035674
0.031547
0.028936
0.032110
0.039524
0.042259
0.042190
0.041642
0.039948
0.038766
0.040887
0.042166
0.042204
0.042195
0.042195
0.041997
0.041842
0.042094
0.042146
0.042136
0.042126
0.041641
0.038186
0.037459
0.040542
0.042033
0.042072
0.041878
0.039933
0.034504
0.031716
0.035801
0.041250
0.042015
0.039824
0.032506
0.028735
0.027001
0.030378
0.039024
0.041947
0.039432
0.028202
0.024284
0.024099
0.026619
0.035820
0.041704
0.041396
0.031174
0.023906
0.023380
0.024884
0.033936
0.041613
0.040291
0.034746
0.027822
0.026718
0.028469
0.036357
0.041769
0.041611
0.039826
0.036978
0.036001
0.038007
0.041010
0.041791
0.041783
0.041746
0.041556
0.041459
0.041693
0.041734
0.041725
0.041716
0.040578
0.034120
0.033958
0.039089
0.041582
0.041667
0.041637
0.036628
0.023983
0.023143
0.029087
0.039376
0.041613
0.036749
0.027534
0.022013
0.021408
0.022737
0.032602
0.041230
0.029215
0.021850
0.021347
0.021195
0.021419
0.026615
0.039842
0.031177
0.021557
0.035095
0.021142
0.021203
0.023478
0.037171
0.034565
0.022782
0.049502
0.021130
0.021158
0.022760
0.036171
0.027452
0.021937
0.021215
0.021169
0.021287
0.024704
0.038708
0.032095
0.024635
0.022785
0.055127
0.024379
0.032777
0.041149
0.041041
0.037407
0.032963
0.031543
0.036512
0.040821
0.041430
0.041427
0.037429
0.026699
0.025580
0.032571
0.040443
0.041383
0.041056
0.030081
0.021425
0.021171
0.022322
0.032615
0.041036
0.036138
0.024387
0.035580
0.088903
0.021143
0.024079
0.038508
0.027694
0.021636
0.021113
0.021095
0.021093
0.021680
0.033732
0.030048
0.021445
0.021105
0.023503
0.027344
0.021221
0.028657
0.027927
0.021479
0.032633
0.034097
0.027340
0.021164
0.027099
0.022806
0.021095
0.027334
0.021090
0.021078
0.021461
0.030698
0.024924
0.021209
0.021110
0.080737
0.021286
0.025237
0.038286
0.037705
0.029077
0.023930
0.022567
0.026842
0.037458
0.041193
0.041135
0.034870
0.025469
0.024035
0.029372
0.039195
0.041173
0.039804
0.025560
0.021137
0.021078
0.021420
0.028808
0.040492
0.040176
0.025008
0.021079
0.028307
0.021068
0.022121
0.036028
0.038946
0.026106
0.021134
0.021104
0.021060
0.021182
0.030032
0.031053
0.022365
0.021118
0.021096
0.021067
0.021086
0.025584
0.023258
0.021084
0.021108
0.021121
0.021047
0.021078
0.024353
0.022169
0.021061
0.021088
0.021110
0.021034
0.021392
0.029492
0.028304
0.021410
0.021117
0.021058
0.021188
0.025169
0.038307
0.038770
0.029291
0.023588
0.022049
0.025485
0.036707
0.040996
0.040977
0.037020
0.026623
0.024672
0.030739
0.039692
0.040965
0.040515
0.028988
0.021289
0.021030
0.021624
0.030338
0.040579
0.038297
0.024564
0.021062
0.074466
0.027275
0.022723
0.037218
0.032997
0.022778
0.021036
0.047981
0.028714
0.021204
0.031263
0.033320
0.021999
0.021022
0.034983
0.030158
0.021034
0.026623
0.025767
0.021345
0.021031
0.021043
0.024377
0.021025
0.025896
0.022276
0.021014
0.021970
0.021032
0.020994
0.021295
0.030494
0.025943
0.021177
0.023917
0.047008
0.021117
0.024920
0.038260
0.038176
0.028346
0.022439
0.021833
0.025020
0.036266
0.040789
0.040800
0.039750
0.032639
0.031146
0.037101
0.040613
0.040756
0.040732
0.035214
0.022698
0.021770
0.025272
0.036830
0.040695
0.037379
0.026414
0.021404
0.026764
0.028081
0.028016
0.040025
0.029745
0.021383
0.021007
0.020952
0.021442
0.022854
0.036874
0.031559
0.021493
0.020959
0.020945
0.020945
0.021640
0.033528
0.032251
0.022424
0.147704
0.023363
0.046004
0.021416
0.032396
0.024503
0.021194
0.084117
0.056126
0.022423
0.022474
0.034969
0.028094
0.022416
0.032113
0.262090
0.021994
0.028873
0.039768
0.038911
0.033805
0.027735
0.025696
0.030788
0.038797
0.040565
0.040557
0.040543
0.040131
0.039797
0.040439
0.040513
0.040505
0.040498
0.039919
0.034744
0.032606
0.036842
0.040385
0.040451
0.040178
0.037016
0.029824
0.025864
0.029248
0.038233
0.040397
0.037429
0.027567
0.024174
0.022530
0.024622
0.033461
0.040269
0.036012
0.023751
0.021646
0.021467
0.022318
0.029225
0.039736
0.038783
0.027025
0.021606
0.021302
0.021802
0.027491
0.039228
0.036353
0.029085
0.023715
0.022319
0.023461
0.030528
0.039771
0.038259
0.034099
0.030351
0.027954
0.030835
0.037605
0.040236
0.040176
0.039674
0.038093
0.036980
0.038962
0.040152
0.040190
0.040181
0.040183
0.039988
0.039857
0.040089
0.040139
0.040131
0.040122
0.039641
0.036441
0.035828
0.038630
0.040036
0.040075
0.039888
0.038037
0.033049
0.030586
0.034234
0.039301
0.040026
0.037977
0.031206
0.027815
0.026239
0.029247
0.037228
0.039964
0.037639
0.027308
0.023728
0.023559
0.025811
0.034217
0.039729
0.039445
0.030072
0.023380
0.022892
0.024221
0.032464
0.039644
0.038455
0.033391
0.026954
0.025898
0.027490
0.034753
0.039804
0.039658
0.037999
0.035365
0.034431
0.036257
0.039080
0.039830
0.039824
0.039788
0.039614
0.039513
0.039738
0.039781
0.039773
0.039765
0.038676
0.032720
0.032602
0.037310
0.039642
0.039722
0.039696
0.034941
0.023332
0.022620
0.028004
0.037566
0.039674
0.035197
0.026640
0.021573
0.021039
0.022218
0.031253
0.039310
0.028211
0.041236
0.020985
0.020846
0.021046
0.025772
0.038008
0.030020
0.024557
0.037707
0.020792
0.020850
0.022879
0.035504
0.033235
0.022328
0.056041
0.020783
0.020806
0.022225
0.034572
0.026667
0.021555
0.020866
0.020821
0.020924
0.024018
0.036947
0.030880
0.023963
0.022301
0.067353
0.023680
0.031382
0.039238
0.039124
0.035675
0.031656
0.030264
0.034803
0.038910
0.039515
0.039513
0.035845
0.025947
0.024850
0.031280
0.038601
0.039474
0.039170
0.028963
0.021050
0.020820
0.021851
0.031304
0.039149
0.034637
0.023750
0.045924
0.096097
0.020794
0.023429
0.036761
0.026875
0.021248
0.020771
0.020754
0.020757
0.021271
0.032338
0.029032
0.021076
0.020766
0.024618
0.029931
0.020866
0.027667
0.027109
0.021124
0.020750
0.031395
0.030409
0.020816
0.026306
0.022330
0.020757
0.020741
0.020750
0.020740
0.021074
0.029569
0.024250
0.020847
0.020766
0.094664
0.020913
0.024459
0.036513
0.035943
0.027835
0.023275
0.022052
0.025835
0.035706
0.039302
0.039257
0.033645
0.024868
0.023416
0.028324
0.037451
0.039290
0.038007
0.024890
0.020800
0.020734
0.021041
0.027805
0.038657
0.038310
0.024254
0.020735
0.035235
0.020724
0.021670
0.034518
0.037242
0.025338
0.020782
0.020752
0.020716
0.020826
0.029007
0.029961
0.021923
0.020770
0.020744
0.020720
0.020739
0.024894
0.022730
0.020747
0.020764
0.020774
0.020705
0.020732
0.023791
0.021739
0.020725
0.020744
0.020769
0.020699
0.021009
0.028485
0.027324
0.021034
0.020769
0.020716
0.020828
0.024392
0.036559
0.036987
0.028092
0.022987
0.021588
0.024642
0.035068
0.039130
0.039118
0.035532
0.025897
0.024016
0.029591
0.037908
0.039106
0.038703
0.028080
0.020931
0.020688
0.021221
0.029189
0.038750
0.036633
0.023928
0.020721
0.079182
0.027932
0.022217
0.035636
0.031731
0.022293
0.020694
0.029860
0.023577
0.020849
0.030116
0.031989
0.021603
0.020684
0.026965
0.037597
0.020696
0.025849
0.024983
0.020995
0.020695
0.020701
0.036142
0.020688
0.025230
0.021807
0.020680
0.021153
0.020694
0.020660
0.020925
0.029426
0.025125
0.020820
0.022135
0.040009
0.020759
0.024168
0.036544
0.036395
0.027270
0.021962
0.021398
0.024225
0.034646
0.038947
0.038960
0.037947
0.031305
0.029975
0.035513
0.038787
0.038922
0.038899
0.033693
0.022177
0.021354
0.024563
0.035230
0.038867
0.035744
0.025587
0.021033
0.024522
0.031126
0.027074
0.038235
0.028651
0.021010
0.020667
0.020620
0.020632
0.022351
0.035291
0.030356
0.021124
0.020629
0.020614
0.020617
0.021243
0.032195
0.031127
0.022041
0.173071
0.023525
0.048682
0.021041
0.031222
0.023868
0.020849
0.099048
0.066583
0.024511
0.021996
0.033597
0.027070
0.021908
0.031761
0.306769
0.021522
0.027834
0.037997
0.037151
0.032325
0.026806
0.024873
0.029481
0.037032
0.038755
0.038748
0.038734
0.038330
0.038023
0.038639
0.038710
0.038703
0.038696
0.038137
0.033317
0.031336
0.035275
0.038589
0.038655
0.038392
0.035429
0.028772
0.025143
0.028221
0.036573
0.038608
0.035810
0.026707
0.023592
0.022078
0.023983
0.032172
0.038488
0.034550
0.023229
0.021244
0.021087
0.021866
0.028247
0.037994
0.037150
0.026280
0.021192
0.020925
0.021376
0.026617
0.037535
0.034858
0.028099
0.023127
0.021829
0.022852
0.029435
0.038041
0.036603
0.032657
0.029222
0.026961
0.029585
0.035990
0.038466
0.038407
0.037915
0.036462
0.035373
0.037224
0.038386
0.038426
0.038419
0.038420
0.038244
0.038102
0.038328
0.038381
0.038374
0.038367
0.037924
0.034931
0.034288
0.036929
0.038284
0.038325
0.038154
0.036424
0.031759
0.029413
0.032797
0.037583
0.038282
0.036433
0.030124
0.026857
0.025360
0.028194
0.035618
0.038225
0.036086
0.026550
0.023127
0.022907
0.024995
0.032824
0.038007
0.037719
0.029162
0.022858
0.022359
0.023558
0.031149
0.037925
0.036826
0.032137
0.026239
0.025262
0.026702
0.033310
0.038075
0.037938
0.036463
0.034075
0.033238
0.034908
0.037413
0.038109
0.038104
0.038075
0.037917
0.037837
0.038031
0.038066
0.038060
0.038052
0.037069
0.031460
0.031222
0.035706
0.037936
0.038015
0.037992
0.033605
0.022842
0.022098
0.026999
0.035935
0.037971
0.033775
0.025779
0.021171
0.020696
0.021742
0.029979
0.037605
0.027379
0.038990
0.020629
0.020518
0.020700
0.024933
0.036347
0.029059
0.021814
0.046666
0.020477
0.020529
0.022348
0.034008
0.031861
0.021868
0.057318
0.020472
0.020490
0.021759
0.033098
0.025790
0.021135
0.020544
0.020508
0.020601
0.023360
0.035332
0.029727
0.023523
0.021945
0.063315
0.023250
0.030233
0.037550
0.037417
0.034503
0.030689
0.029463
0.033599
0.037280
0.037832
0.037830
0.034421
0.025174
0.024085
0.030040
0.036954
0.037796
0.037519
0.028073
0.020712
0.020497
0.021408
0.030026
0.037470
0.033270
0.023160
0.035998
0.095605
0.020475
0.022751
0.035077
0.026009
0.020852
0.020440
0.020439
0.020442
0.020863
0.030867
0.028096
0.020734
0.020444
0.024319
0.031106
0.020530
0.026560
0.026293
0.020751
0.027703
0.031602
0.031584
0.020487
0.025263
0.021838
0.020426
0.025755
0.020431
0.020421
0.020710
0.028318
0.023623
0.020535
0.020459
0.088825
0.020591
0.023813
0.034932
0.034413
0.027466
0.022916
0.021728
0.025262
0.034331
0.037641
0.037598
0.032363
0.024133
0.022774
0.027259
0.035835
0.037632
0.036478
0.024296
0.020464
0.020402
0.020662
0.026740
0.036992
0.036778
0.023874
0.020409
0.038854
0.020396
0.021175
0.032840
0.035684
0.024625
0.020452
0.020434
0.020397
0.020472
0.027562
0.029059
0.021530
0.020453
0.020425
0.020399
0.020411
0.023853
0.022281
0.020439
0.020439
0.020449
0.020385
0.020403
0.022944
0.021311
0.020400
0.020416
0.020438
0.020375
0.020649
0.027321
0.026466
0.020711
0.020451
0.020405
0.020500
0.023773
0.035029
0.035473
0.027716
0.022618
0.021260
0.024102
0.033710
0.037489
0.037479
0.034117
0.025106
0.023295
0.028431
0.036276
0.037468
0.037112
0.027250
0.020590
0.020370
0.020821
0.027956
0.037102
0.035191
0.023411
0.020397
0.064058
0.028610
0.021618
0.033957
0.030608
0.021839
0.020372
0.028619
0.027643
0.020482
0.028603
0.030972
0.021232
0.020371
0.035424
0.036865
0.020373
0.024694
0.024403
0.020649
0.020373
0.020389
0.038318
0.020367
0.024211
0.021390
0.020361
0.021324
0.020378
0.020348
0.020573
0.028104
0.024416
0.020509
0.023294
0.039297
0.020446
0.023554
0.034982
0.034884
0.026852
0.021642
0.021104
0.023731
0.033319
0.037326
0.037339
0.036434
0.030220
0.028710
0.033958
0.037161
0.037305
0.037286
0.032489
0.021777
0.020941
0.023767
0.033631
0.037253
0.034423
0.024913
0.020684
0.026170
0.032256
0.025981
0.036592
0.027892
0.020653
0.020343
0.020313
0.020324
0.021760
0.033691
0.029378
0.020782
0.020314
0.020309
0.020314
0.020824
0.030774
0.029887
0.021559
0.169945
0.024205
0.056261
0.020658
0.029800
0.023245
0.020506
0.084955
0.068403
0.021790
0.021495
0.032011
0.026274
0.021571
0.031486
0.313868
0.021155
0.026836
0.036381
0.035636
0.031423
0.026242
0.024471
0.028668
0.035532
0.037157
0.037151
0.037140
0.036763
0.036407
0.037027
0.037117
0.037111
0.037106
0.036595
0.032067
0.030035
0.033706
0.036993
0.037069
0.036831
0.034014
0.027813
0.024351
0.027104
0.034989
0.037026
0.034463
0.025847
0.022949
0.021580
0.023249
0.030726
0.036898
0.033267
0.022716
0.020860
0.020705
0.021363
0.027050
0.036397
0.035573
0.025682
0.020886
0.020588
0.020967
0.025604
0.035933
0.033446
0.027254
0.022734
0.021441
0.022342
0.028232
0.036442
0.035182
0.031635
0.028432
0.026284
0.028673
0.034510
0.036899
0.036849
0.036435
0.035114
0.034138
0.035783
0.036828
0.036866
0.036860
0.036861
0.036711
0.036599
0.036789
0.036827
0.036820
0.036814
0.036479
0.033771
0.033216
0.035608
0.036749
0.036777
0.036640
0.035144
0.030898
0.028669
0.031886
0.036152
0.036738
0.035036
0.029234
0.026240
0.024843
0.027646
0.034460
0.036693
0.034678
0.025786
0.022674
0.022502
0.024580
0.031959
0.036514
0.036225
0.028107
0.022367
0.021957
0.023190
0.030452
0.036451
0.035308
0.030858
0.025445
0.024623
0.026096
0.032411
0.036570
0.036397
0.034892
0.032693
0.031982
0.033637
0.036000
0.036584
0.036580
0.036547
0.036395
0.036316
0.036513
0.036546
0.036540
0.036534
0.035688
0.030598
0.030440
0.034461
0.036434
0.036501
0.036479
0.032607
0.022481
0.021813
0.026550
0.034750
0.036463
0.032742
0.025319
0.020874
0.020397
0.021471
0.029417
0.036189
0.026747
0.020731
0.020329
0.020218
0.020409
0.024640
0.035159
0.028173
0.020484
0.042570
0.020178
0.020232
0.022113
0.033115
0.030809
0.021427
0.057643
0.020170
0.020192
0.021526
0.032302
0.025066
0.020755
0.020226
0.020201
0.020304
0.023151
0.034279
0.028681
0.022829
0.021469
0.060640
0.022809
0.029564
0.036115
0.035965
0.033051
0.029596
0.028441
0.032409
0.035854
0.036335
0.036333
0.033237
0.024607
0.023684
0.029254
0.035570
0.036302
0.036116
0.027482
0.020405
0.020202
0.021104
0.029431
0.036058
0.032272
0.022754
0.030400
0.094132
0.020177
0.022632
0.034176
0.025553
0.020548
0.020137
0.020140
0.020140
0.020640
0.030490
0.027418
0.020406
0.022573
0.022087
0.036201
0.020254
0.026501
0.025564
0.020416
0.020123
0.029888
0.026462
0.020207
0.025237
0.021418
0.020120
0.020117
0.020132
0.020124
0.020453
0.028117
0.023139
0.020217
0.020149
0.084892
0.020295
0.023523
0.033916
0.033295
0.026484
0.022414
0.021323
0.024732
0.033230
0.036164
0.036137
0.031261
0.023561
0.022429
0.026754
0.034638
0.036152
0.035276
0.023977
0.020162
0.020113
0.020383
0.026416
0.035670
0.035391
0.023230
0.020112
0.034737
0.020106
0.021013
0.032332
0.034463
0.024166
0.020144
0.020142
0.020105
0.020219
0.027605
0.028644
0.021223
0.020144
0.020134
0.020110
0.020133
0.024044
0.021927
0.020129
0.020132
0.020155
0.020095
0.020124
0.023063
0.020902
0.020094
0.020112
0.020136
0.020084
0.020383
0.027133
0.025719
0.020373
0.020146
0.020102
0.020210
0.023441
0.033920
0.034227
0.026756
0.022205
0.020902
0.023663
0.032641
0.036023
0.036016
0.032988
0.024577
0.022970
0.027860
0.035056
0.036005
0.035718
0.026671
0.020291
0.020078
0.020546
0.027762
0.035746
0.033942
0.022992
0.020100
0.085370
0.025911
0.021559
0.033337
0.029584
0.021451
0.024945
0.042001
0.023963
0.020244
0.028590
0.029964
0.020828
0.020065
0.020080
0.032250
0.020096
0.024941
0.023897
0.020318
0.020070
0.020096
0.032735
0.020087
0.024351
0.020999
0.020057
0.020541
0.020570
0.020055
0.020311
0.027882
0.023864
0.020186
0.020565
0.044918
0.020155
0.023252
0.033900
0.033654
0.025905
0.021232
0.022691
0.023306
0.032290
0.035874
0.035885
0.035148
0.029539
0.028205
0.032976
0.035753
0.035854
0.035837
0.031556
0.021451
0.020670
0.023537
0.032885
0.035813
0.033181
0.024419
0.020377
0.026873
0.033016
0.025909
0.035341
0.027101
0.020325
0.020052
0.020021
0.025396
0.022637
0.033010
0.028453
0.020390
0.020016
0.020017
0.020020
0.020629
0.030381
0.029097
0.021136
0.169732
0.021001
0.055128
0.020436
0.029505
0.022803
0.020202
0.103919
0.055126
0.021990
0.021314
0.031472
0.025689
0.021169
0.042891
0.281037
0.020848
0.026475
0.035103
0.034364
0.030290
0.025471
0.023864
0.027923
0.034317
0.035719
0.035714
0.035705
0.035384
0.035104
0.035625
0.035684
0.035678
0.035673
0.035249
0.031017
0.029302
0.032821
0.035593
0.035641
0.035431
0.032935
0.027120
0.023878
0.026727
0.033960
0.035604
0.033303
0.025307
0.022612
0.021244
0.023002
0.030263
0.035513
0.032119
0.022153
0.020559
0.020407
0.021148
0.026982
0.035142
0.034283
0.024663
0.020520
0.020284
0.020702
0.025579
0.034767
0.032299
0.026494
0.022179
0.021074
0.022002
0.027934
0.035153
0.033895
0.030592
0.027518
0.025583
0.027946
0.033451
0.035489
0.035440
0.035044
0.033797
0.032915
0.034482
0.035428
0.035458
0.035452
0.035453
0.035297
0.035183
0.035381
0.035423
0.035417
0.035411
0.035053
0.032454
0.031895
0.034214
0.035347
0.035379
0.035233
0.033762
0.029729
0.027641
0.030657
0.034763
0.035344
0.033713
0.028247
0.025441
0.024158
0.026638
0.033085
0.035299
0.033418
0.025074
0.022168
0.022030
0.023869
0.030682
0.035121
0.034870
0.027275
0.021900
0.021512
0.022608
0.029282
0.035053
0.034072
0.029912
0.024795
0.023973
0.025268
0.031098
0.035179
0.035058
0.033707
0.031587
0.030856
0.032348
0.034601
0.035207
0.035203
0.035175
0.035032
0.034955
0.035138
0.035173
0.035168
0.035162
0.034328
0.029472
0.029329
0.033183
0.035068
0.035132
0.035113
0.031382
0.021947
0.021321
0.025683
0.033406
0.035098
0.031488
0.024563
0.020502
0.020069
0.021027
0.028309
0.034814
0.025845
0.020381
0.020022
0.019919
0.020078
0.023868
0.033762
0.027281
0.020178
0.034057
0.019883
0.019924
0.021568
0.031744
0.029820
0.021059
0.048702
0.019874
0.019893
0.021054
0.030991
0.024534
0.020452
0.019936
0.019903
0.019989
0.022488
0.032900
0.027987
0.022454
0.021090
0.054054
0.022268
0.028472
0.034753
0.034658
0.031936
0.028622
0.027567
0.031262
0.034508
0.034984
0.034984
0.032013
0.023942
0.023087
0.028300
0.034248
0.034955
0.034715
0.026495
0.020076
0.019898
0.020715
0.028340
0.034700
0.031039
0.022214
0.034545
0.088745
0.019879
0.022001
0.032785
0.024700
0.020219
0.019858
0.019847
0.019845
0.020261
0.029186
0.026461
0.020092
0.019852
0.022292
0.026196
0.019933
0.025395
0.024877
0.020111
0.031571
0.033050
0.026193
0.019894
0.024245
0.021079
0.019844
0.026189
0.019841
0.019833
0.020109
0.026930
0.022668
0.019929
0.019856
0.080447
0.019985
0.022893
0.032616
0.032161
0.025745
0.021930
0.020932
0.024089
0.031997
0.034829
0.034791
0.030117
0.023017
0.021938
0.025906
0.033323
0.034821
0.033810
0.023112
0.019870
0.019830
0.020064
0.025490
0.034310
0.034052
0.022701
0.019831
0.027170
0.019823
0.020566
0.030925
0.033126
0.023480
0.019867
0.019845
0.019817
0.019900
0.026423
0.027256
0.020732
0.019854
0.019839
0.019821
0.019833
0.023103
0.021398
0.019832
0.019847
0.019854
0.019807
0.019827
0.022204
0.020620
0.019816
0.019833
0.019847
0.019798
0.020050
0.026045
0.025167
0.020065
0.019853
0.019813
0.019906
0.022833
0.032663
0.033011
0.025923
0.021673
0.020539
0.023082
0.031458
0.034703
0.034692
0.031732
0.023883
0.022410
0.026927
0.033710
0.034687
0.034356
0.025672
0.019971
0.019792
0.020203
0.026633
0.034396
0.032700
0.022374
0.019813
0.074079
0.026141
0.020997
0.031838
0.028714
0.021057
0.019796
0.047174
0.027604
0.019912
0.027349
0.028914
0.020476
0.019785
0.033968
0.029070
0.019793
0.023882
0.023257
0.020006
0.019790
0.019798
0.023198
0.019787
0.023357
0.020693
0.019778
0.020752
0.019789
0.019765
0.019981
0.026808
0.023428
0.019897
0.022722
0.046188
0.019852
0.022654
0.032644
0.032555
0.025223
0.020828
0.020378
0.022743
0.031148
0.034570
0.034581
0.033805
0.028383
0.027223
0.031728
0.034440
0.034553
0.034537
0.030390
0.020985
0.020302
0.022848
0.031531
0.034512
0.032044
0.023740
0.020047
0.025627
0.026851
0.024902
0.033991
0.026273
0.020031
0.019770
0.019734
0.020229
0.021092
0.031590
0.027617
0.020122
0.019738
0.019729
0.019729
0.020217
0.029062
0.028125
0.020777
0.148471
0.022181
0.045181
0.020058
0.028223
0.022327
0.019897
0.083877
0.055460
0.021218
0.020829
0.030191
0.025035
0.020799
0.030898
0.264605
0.020483
0.025617
0.033819
0.033176
0.029346
0.024779
0.023253
0.027071
0.033092
0.034432
0.034427
0.034417
0.034080
0.033808
0.034330
0.034400
0.034395
0.034391
0.033951
0.029960
0.028309
0.031539
0.034299
0.034362
0.034154
0.031700
0.026272
0.023299
0.025805
0.032622
0.034326
0.032071
0.024580
0.022057
0.020860
0.022386
0.028999
0.034225
0.031011
0.021780
0.020218
0.020089
0.020703
0.025820
0.033812
0.033086
0.024208
0.020196
0.019974
0.020332
0.024540
0.033435
0.031248
0.025743
0.021748
0.020717
0.021559
0.026862
0.033863
0.032734
0.029583
0.026743
0.024937
0.027118
0.032231
0.034225
0.034181
0.033811
0.032625
0.031782
0.033271
0.034168
0.034198
0.034193
0.034195
0.034039
0.033941
0.034126
0.034166
0.034161
0.034156
0.033794
0.031347
0.030870
0.033011
0.034095
0.034127
0.033983
0.032562
0.028794
0.026921
0.029661
0.033537
0.034096
0.032543
0.027403
0.024839
0.023654
0.025902
0.031950
0.034054
0.032286
0.024480
0.021781
0.021654
0.023327
0.029656
0.033878
0.033645
0.026563
0.021530
0.021165
0.022151
0.028333
0.033813
0.032915
0.029055
0.024218
0.023419
0.024617
0.030076
0.033943
0.033829
0.032555
0.030562
0.029852
0.031233
0.033383
0.033972
0.033969
0.033941
0.033808
0.033728
0.033905
0.033942
0.033937
0.033932
0.033118
0.028567
0.028461
0.032052
0.033843
0.033905
0.033887
0.030284
0.021485
0.020946
0.024966
0.032254
0.033874
0.030491
0.023961
0.020174
0.019786
0.020651
0.027431
0.033598
0.025175
0.040172
0.019743
0.019646
0.019792
0.023298
0.032597
0.026526
0.023319
0.036778
0.019609
0.019650
0.021142
0.030676
0.028971
0.020730
0.055398
0.019603
0.019618
0.020666
0.029964
0.024009
0.020165
0.019664
0.019630
0.019707
0.022009
0.031779
0.027197
0.021982
0.020736
0.066571
0.021773
0.027558
0.033543
0.033444
0.030821
0.027774
0.026724
0.030155
0.033294
0.033772
0.033771
0.030997
0.023437
0.022591
0.027462
0.033077
0.033746
0.033518
0.025748
0.019788
0.019624
0.020371
0.027486
0.033501
0.030070
0.021769
0.045115
0.096075
0.019607
0.021544
0.031665
0.024152
0.019924
0.019590
0.019578
0.019580
0.019952
0.028280
0.025792
0.019809
0.019585
0.023501
0.028895
0.019657
0.024737
0.024332
0.019838
0.019575
0.030375
0.029382
0.019622
0.023714
0.020732
0.019579
0.019568
0.019574
0.019567
0.019813
0.026188
0.022196
0.019647
0.019586
0.094617
0.019695
0.022349
0.031474
0.031025
0.024899
0.021462
0.020551
0.023392
0.030862
0.033627
0.033597
0.029339
0.022612
0.021506
0.025213
0.032208
0.033624
0.032660
0.022650
0.019605
0.019560
0.019774
0.024825
0.033141
0.032858
0.022172
0.019561
0.034279
0.019553
0.020233
0.029953
0.032039
0.022960
0.019592
0.019570
0.019547
0.019624
0.025751
0.026532
0.020409
0.019582
0.019565
0.019549
0.019562
0.022633
0.021020
0.019567
0.019578
0.019583
0.019538
0.019556
0.021814
0.020300
0.019551
0.019564
0.019580
0.019534
0.019757
0.025377
0.024506
0.019776
0.019580
0.019544
0.019626
0.022290
0.031534
0.031863
0.025106
0.021241
0.020193
0.022489
0.030395
0.033515
0.033508
0.030779
0.023396
0.021957
0.026174
0.032569
0.033502
0.033200
0.025070
0.019694
0.019523
0.019900
0.025874
0.033229
0.031628
0.021928
0.019545
0.078905
0.026879
0.020631
0.030820
0.027883
0.020704
0.019526
0.028838
0.022459
0.019636
0.026597
0.028043
0.020181
0.019519
0.025896
0.036691
0.019527
0.023360
0.022714
0.019735
0.019525
0.019529
0.035215
0.019521
0.022906
0.020345
0.019515
0.019998
0.019523
0.019501
0.019695
0.026103
0.022859
0.019619
0.020990
0.039140
0.019573
0.022125
0.031537
0.031402
0.024487
0.020474
0.020049
0.022180
0.030089
0.033393
0.033405
0.032642
0.027502
0.026456
0.030709
0.033271
0.033380
0.033364
0.029387
0.020604
0.019991
0.022362
0.030498
0.033342
0.030976
0.023170
0.019761
0.023421
0.030028
0.024270
0.032844
0.025533
0.019745
0.019503
0.019471
0.019480
0.020728
0.030566
0.026821
0.019839
0.019476
0.019466
0.019468
0.019917
0.028193
0.027391
0.020497
0.174197
0.022417
0.047954
0.019771
0.027460
0.021879
0.019628
0.099060
0.066123
0.023413
0.020479
0.029302
0.024333
0.020422
0.030634
0.309862
0.020130
0.024912
0.032681
0.032036
0.028359
0.024143
0.022674
0.026182
0.031946
0.033271
0.033267
0.033257
0.032922
0.032671
0.033175
0.033243
0.033238
0.033234
0.032802
0.029032
0.027483
0.030530
0.033145
0.033208
0.033005
0.030672
0.025572
0.022809
0.025124
0.031553
0.033176
0.031016
0.024001
0.021649
0.020529
0.021941
0.028163
0.033080
0.030060
0.021408
0.019914
0.019799
0.020370
0.025172
0.032692
0.032039
0.023707
0.019883
0.019684
0.020012
0.023949
0.032345
0.030277
0.025082
0.021328
0.020354
0.021120
0.026133
0.032748
0.031658
0.028623
0.025982
0.024254
0.026269
0.031178
0.033083
0.033040
0.032672
0.031564
0.030725
0.032139
0.033028
0.033060
0.033055
0.033051
0.033043
0.033035
0.033036
0.033031
0.033026
0.033022
0.033017
0.032587
0.032226
0.032733
0.032992
0.032994
0.032994
0.032819
0.031495
0.029346
0.030658
0.032699
0.032963
0.032777
0.029712
0.027278
0.025550
0.026669
0.031261
0.032913
0.032703
0.027431
0.023056
0.022366
0.023403
0.028793
0.032777
0.032840
0.028886
0.021985
0.021128
0.022043
0.027594
0.032750
0.032513
0.029786
0.024256
0.022311
0.023634
0.028777
0.032788
0.032820
0.032178
0.030251
0.028034
0.029035
0.031852
0.032840
0.032840
0.032834
0.032743
0.032526
0.032667
0.032811
0.032812
0.032807
0.032713
0.031076
0.030770
0.032365
0.032782
0.032781
0.032776
0.031634
0.024164
0.023139
0.027499
0.032067
0.032756
0.031792
0.027410
0.021750
0.028394
0.021294
0.028656
0.032654
0.028764
0.021001
0.019917
0.019540
0.027585
0.024956
0.031835
0.029832
0.029039
0.030243
0.019398
0.081374
0.025697
0.029868
0.028676
0.022292
0.206830
0.149706
0.073001
0.020777
0.029896
0.023857
0.020334
0.024444
0.165449
0.082879
0.021847
0.031431
0.027340
0.022849
0.020842
0.019997
0.020607
0.025873
0.032502
0.032584
0.031411
0.028337
0.026612
0.028440
0.031811
0.032651
0.032647
0.031946
0.026323
0.025323
0.030042
0.032500
0.032625
0.032618
0.028905
0.020277
0.019584
0.021641
0.029376
0.032566
0.030936
0.023832
0.043702
0.721837
0.296388
0.023045
0.031809
0.026671
0.040130
0.019406
0.184625
0.434949
0.099791
0.029297
0.028474
0.044139
0.037082
0.019365
0.753183
0.130159
0.026409
0.023626
0.019901
0.071513
0.263330
0.824435
0.019498
0.025518
0.020007
0.019370
0.020833
0.737948
0.562885
0.019940
0.027763
0.021435
0.019599
0.019418
0.249066
0.019528
0.022784
0.031559
0.031080
0.026971
0.022203
0.020834
0.024118
0.030351
0.032567
0.032570
0.031286
0.024886
0.024231
0.029119
0.032327
0.032548
0.032516
0.026521
0.019706
0.019933
0.027453
0.027955
0.032489
0.032429
0.024607
0.026304
0.033636
0.027253
0.021865
0.031696
0.031728
0.024518
0.019504
0.020414
0.039065
0.103890
0.028737
0.028287
0.021121
0.019483
0.019409
0.023342
0.074514
0.026718
0.021135
0.019412
0.019371
0.020897
0.021340
0.019473
0.025022
0.019766
0.019337
0.019358
0.019389
0.019345
0.019753
0.027477
0.021612
0.019509
0.019411
0.019349
0.019601
0.022461
0.031055
0.030703
0.026086
0.022152
0.020758
0.024249
0.030839
0.032439
0.032444
0.031530
0.025900
0.024892
0.029905
0.032315
0.032422
0.032411
0.027565
0.019826
0.023901
0.021453
0.029342
0.032385
0.031581
0.023653
0.155237
0.603422
0.101088
0.073172
0.031870
0.028604
0.021211
0.102539
0.230434
0.687586
0.035733
0.029283
0.027739
0.020121
0.019353
0.119243
0.789842
0.048996
0.026377
0.021310
0.019452
0.019337
0.123160
0.759375
0.030775
0.025417
0.019638
0.019329
0.0